Trait,Marker_ID,Estimate,SD,Model_Frequency
y1,1,-0.0011745689,0.041003536,0.99000007
y1,2,0.0016405225,0.039564837,0.99000007
y1,3,-0.0014159374,0.03644011,0.97
y1,4,-0.011057467,0.038941015,0.99000007
y1,5,-0.012936886,0.03849089,0.99000007
y1,6,-0.010080409,0.037821893,0.97999996
y1,7,-0.0030417177,0.043326966,0.99000007
y1,8,-0.0033038782,0.040410984,0.9600001
y1,9,0.0013584025,0.035331897,0.99
y1,10,-0.0019555741,0.03735912,0.99000007
y1,11,-0.01196878,0.040430676,0.99000007
y1,12,-0.0006675813,0.041059636,0.96999997
y1,13,0.00035848096,0.03276524,0.99000007
y1,14,0.0052110134,0.04477046,0.99000007
y1,15,0.004209399,0.03789811,0.96
y1,16,-0.0062693628,0.03525017,0.97999996
y1,17,0.0011585732,0.038990412,0.97
y1,18,-0.0045304694,0.032060165,0.97999996
y1,19,-0.0059909117,0.037457254,0.96000004
y1,20,-0.003983825,0.042723563,0.97
y1,21,0.012924284,0.042657714,0.98
y1,22,0.005238722,0.038619004,0.97999996
y1,23,-0.011370101,0.03523646,0.99000007
y1,24,-0.012923598,0.031624697,0.99000007
y1,25,0.0019463588,0.035911888,1.0
y1,26,0.008999866,0.03798833,1.0
y1,27,-0.015111471,0.037153322,0.96000004
y1,28,0.0070509827,0.03714091,0.99000007
y1,29,-0.013077008,0.038962144,0.99000007
y1,30,-0.0074872538,0.03509912,0.99000007
y1,31,-0.008757282,0.04375093,0.96999997
y1,32,-0.008206837,0.039558906,0.96
y1,33,0.0116723385,0.036205042,0.99000007
y1,34,0.0031257772,0.038122125,0.9900001
y1,35,-0.007102754,0.0372116,0.98
y1,36,-0.0062497277,0.04034728,0.99000007
y1,37,0.020344079,0.04230758,0.97999996
y1,38,0.007593673,0.034071688,0.97999996
y1,39,0.0023156984,0.040502988,0.9499999
y1,40,-0.0038020671,0.035573687,0.99000007
y1,41,0.002672866,0.04322971,0.9400001
y1,42,-0.0028049678,0.036070433,1.0
y1,43,0.008045827,0.038860887,0.97999996
y1,44,0.012575208,0.043319058,0.97
y1,45,0.0013360955,0.038032934,0.96
y1,46,-0.0077681085,0.037190624,0.97
y1,47,-0.009035287,0.038660545,0.9700001
y1,48,0.0024542136,0.034649584,0.9900001
y1,49,0.00075143774,0.036848865,0.97999996
y1,50,-0.0013168445,0.035502795,0.99000007
y1,51,-0.00873044,0.040536422,0.99000007
y1,52,0.0035941915,0.04108762,0.99000007
y1,53,-0.0022089183,0.043196492,0.99000007
y1,54,-0.00048864936,0.041136418,0.97
y1,55,0.0030624822,0.040205028,0.96999997
y1,56,-0.017077625,0.03902489,0.98
y1,57,0.0027968278,0.042452294,0.99000007
y1,58,0.00085791736,0.037488148,0.97
y1,59,-0.0071048066,0.040313303,0.97
y1,60,0.004000724,0.03579061,0.97999996
y1,61,0.00055113964,0.03859848,0.99000007
y1,62,0.008396521,0.036755677,0.97999996
y1,63,0.0034111014,0.038231365,0.99000007
y1,64,0.0077712843,0.03538489,0.96
y1,65,-0.007389171,0.036756363,0.99000007
y1,66,-0.0069079483,0.03876419,0.97999996
y1,67,0.009410106,0.040634166,1.0
y1,68,0.00026309356,0.038690004,0.96
y1,69,-0.0092380205,0.036546096,0.95
y1,70,-0.0018430669,0.03765742,1.0
y1,71,-0.0064043235,0.03780825,0.98
y1,72,0.012331042,0.034918457,0.97
y1,73,-0.000473296,0.04234219,0.97999996
y1,74,0.007962813,0.042214036,1.0
y1,75,0.0025005976,0.035988174,0.94
y1,76,-0.0013800221,0.032898657,1.0
y1,77,-0.007714144,0.041358445,0.9900001
y1,78,0.0019656362,0.036297813,0.96
y1,79,-0.00018503777,0.0390781,0.96
y1,80,-0.0053065065,0.034600567,0.98
y1,81,-0.006154204,0.041337173,0.99000007
y1,82,-0.002390169,0.03723201,1.0
y1,83,0.017817331,0.03782227,1.0
y1,84,0.0042128228,0.03672994,0.99000007
y1,85,0.0037215,0.03068335,0.97
y1,86,0.04409319,0.04087568,0.97999996
y1,87,-0.012140561,0.04482432,0.97
y1,88,-0.006181614,0.04071387,0.97999996
y1,89,0.0072131096,0.04038447,0.97999996
y1,90,0.0050338465,0.035699643,0.97
y1,91,-0.00036319115,0.041331675,0.97999996
y1,92,0.01542375,0.03354448,0.96999997
y1,93,-0.0031419806,0.040502187,0.98
y1,94,0.0038303866,0.041561868,0.97999996
y1,95,-0.00492541,0.041254405,1.0
y1,96,0.008040076,0.033772398,0.96
y1,97,0.020918002,0.03717495,0.99000007
y1,98,-0.0019410066,0.036093265,0.96
y1,99,0.02301392,0.039283223,0.96000004
y1,100,0.0061424146,0.039510168,0.97999996
y1,101,0.009524842,0.034482073,0.97999996
y1,102,0.006152331,0.04014098,0.97
y1,103,0.0086739,0.041105334,0.97999996
y1,104,-0.0012652368,0.03748014,1.0
y1,105,-0.0014730892,0.036005493,1.0
y1,106,-0.010187688,0.035431627,0.97999996
y1,107,0.0009114566,0.042424954,1.0
y1,108,-0.004145616,0.039511472,0.96
y1,109,-0.0044137184,0.03940474,0.97999996
y1,110,-0.014495376,0.03865756,0.98
y1,111,-0.006358619,0.04310245,0.97999996
y1,112,0.0033302505,0.041412942,0.99000007
y1,113,0.008305492,0.039400425,0.96999997
y1,114,0.004229014,0.03813906,0.98
y1,115,-0.006387666,0.034138396,1.0
y1,116,-0.0006674206,0.037426792,0.97999996
y1,117,-0.0024497772,0.043704454,0.9500001
y1,118,0.0029221654,0.03730328,0.99000007
y1,119,-0.0013811634,0.044339534,0.97999996
y1,120,0.0024663396,0.032432225,0.99000007
y1,121,-0.00389767,0.044428285,0.97999996
y1,122,0.00030248234,0.036185265,0.99000007
y1,123,0.002093723,0.03767722,0.9400001
y1,124,0.004406027,0.040519707,0.99000007
y1,125,0.0009330345,0.040271424,0.97999996
y1,126,-0.022741508,0.041791555,0.96999997
y1,127,0.0062408326,0.03841797,0.98
y1,128,-0.0071393233,0.039536744,1.0
y1,129,0.001933245,0.036876593,0.97999996
y1,130,-0.00507111,0.036403395,1.0
y1,131,0.006058408,0.02916982,0.97999996
y1,132,-0.005091689,0.040370736,0.97999996
y1,133,0.0026900242,0.03654952,0.96999997
y1,134,0.006553409,0.033797648,0.96
y1,135,-0.007168039,0.034377653,0.99000007
y1,136,-0.008053773,0.03911506,0.99000007
y1,137,-0.007472426,0.03555154,0.97999996
y1,138,-0.008965024,0.038308013,0.9900001
y1,139,0.010337011,0.042753525,0.97
y1,140,-0.0048199994,0.035613522,0.98
y1,141,0.013449829,0.039424263,0.97999996
y1,142,-0.0060873996,0.042933173,0.99000007
y1,143,0.014723667,0.042982124,0.99000007
y1,144,-0.013647232,0.03526661,0.97
y1,145,0.005177272,0.037371162,0.9700001
y1,146,0.0045926617,0.037895847,0.96000004
y1,147,0.0057032355,0.04226681,0.97999996
y1,148,-0.004087429,0.03578848,0.97999996
y1,149,0.004439722,0.037322495,1.0
y1,150,0.0056986045,0.03447386,0.99000007
y1,151,-0.004851884,0.04480989,0.97999996
y1,152,-0.0059486446,0.038873732,0.97999996
y1,153,-0.0137577215,0.04040561,0.99000007
y1,154,0.009311992,0.042545326,0.96
y1,155,0.004247288,0.038869843,0.99000007
y1,156,-0.005656063,0.035588358,0.96000004
y1,157,0.007026853,0.038438544,0.99000007
y1,158,0.009377826,0.035297066,0.97999996
y1,159,0.0042200997,0.038497623,0.96
y1,160,-0.0077671725,0.03649436,1.0
y1,161,-0.0031343496,0.034411184,0.95000005
y1,162,-0.010540003,0.03960225,0.99000007
y1,163,0.0010336878,0.041844316,0.9700001
y1,164,0.0027812857,0.041327372,1.0
y1,165,-0.018033393,0.04038499,1.0
y1,166,0.0021902076,0.036084663,1.0
y1,167,-0.014748504,0.03865866,0.97000015
y1,168,-0.0025981672,0.037939925,1.0
y1,169,0.006884947,0.03658258,0.97
y1,170,0.010512556,0.038592886,0.99000007
y1,171,0.0072309724,0.0386036,0.9700001
y1,172,-0.0030052955,0.041269362,0.99000007
y1,173,-0.0074539697,0.038977843,0.96999997
y1,174,1.4996341e-5,0.037540536,0.97999996
y1,175,0.007566393,0.032113165,0.99000007
y1,176,-0.005663722,0.040941995,0.96999997
y1,177,-0.012897781,0.037708446,0.97999996
y1,178,0.010309672,0.03707479,0.99000007
y1,179,-0.0060861227,0.037437297,0.97999996
y1,180,-0.005499108,0.037672415,0.98
y1,181,-0.0086520985,0.03753725,1.0
y1,182,-1.7144768e-5,0.042152252,0.99000007
y1,183,0.007103416,0.03663081,0.96999997
y1,184,0.005288004,0.037096404,1.0
y1,185,0.012027733,0.042978458,0.99000007
y1,186,-0.009346004,0.040315256,1.0
y1,187,-0.03597814,0.043829024,0.99
y1,188,0.0012772962,0.03212957,0.97
y1,189,-0.005228411,0.038669996,0.9700001
y1,190,0.0068251984,0.03818458,0.99000007
y1,191,0.0070286803,0.039496455,0.98
y1,192,-0.005859267,0.034538914,0.9600001
y1,193,0.022682738,0.034890354,1.0
y1,194,-0.002099601,0.03458721,0.97
y1,195,0.002856782,0.036312398,0.97999996
y1,196,0.0026008505,0.03500944,0.97999996
y1,197,-0.007789557,0.037106723,0.96999997
y1,198,0.015280848,0.03901077,0.97
y1,199,-0.006538683,0.040045075,1.0
y1,200,-0.0050728675,0.041812174,0.98
y1,201,0.016358605,0.03570001,0.99
y1,202,-0.015314612,0.038866397,0.97
y1,203,-0.00796039,0.037252985,0.97999996
y1,204,0.014009672,0.041400153,0.9700001
y1,205,-0.0049105855,0.043567646,0.99000007
y1,206,0.0023608669,0.037408676,0.99000007
y1,207,-0.01935398,0.038720615,1.0
y1,208,-0.011509761,0.040525667,0.99000007
y1,209,0.00046640864,0.031031251,0.96
y1,210,-0.0019582845,0.03528525,1.0
y1,211,0.0048217434,0.036629844,1.0
y1,212,-0.008854165,0.037422866,0.99000007
y1,213,0.013278344,0.035160083,0.99000007
y1,214,0.0023450968,0.041712735,1.0
y1,215,-0.00027173012,0.033727724,0.97999996
y1,216,0.0037814565,0.034904458,0.97999996
y1,217,-0.0032962903,0.036249626,0.97999996
y1,218,-0.016640259,0.0445824,1.0
y1,219,0.020266574,0.03956172,0.95000005
y1,220,0.0017123205,0.04071318,0.98
y1,221,-0.0144417,0.034540787,0.9900001
y1,222,0.0067949193,0.039796047,0.97999996
y1,223,0.007123512,0.041732073,0.99000007
y1,224,-0.008932836,0.04156311,0.97
y1,225,0.0023996802,0.039488245,0.9700001
y1,226,-0.004552565,0.04090116,0.99000007
y1,227,-0.006069631,0.03923969,0.97999996
y1,228,-0.00092807505,0.038748905,0.97
y1,229,-0.0021632186,0.03987599,0.99000007
y1,230,0.009052189,0.039115585,0.99000007
y1,231,-0.005464969,0.03588069,0.99000007
y1,232,-0.001586585,0.03651288,1.0
y1,233,0.015414602,0.037571777,0.97000015
y1,234,-0.008921109,0.035235707,0.97
y1,235,-0.01322128,0.0373822,0.95
y1,236,0.0025549536,0.037474394,0.98
y1,237,-0.013448479,0.036784124,0.97999996
y1,238,-0.011339566,0.035634816,0.96
y1,239,0.0057755504,0.038897336,0.96000004
y1,240,0.0045125354,0.034290064,0.9700001
y1,241,0.0051882835,0.037601683,0.96
y1,242,0.0017950404,0.037037186,0.96999997
y1,243,0.00658771,0.02979274,0.97
y1,244,0.0002528881,0.04008105,0.97
y1,245,-0.0018146177,0.034527637,0.9499999
y1,246,-0.0011438938,0.03862706,0.99000007
y1,247,0.0032894227,0.044669066,0.96999997
y1,248,0.012418869,0.03617158,0.9700001
y1,249,-0.013805614,0.030463029,0.99
y1,250,0.0028537167,0.036264963,1.0
y1,251,0.0054393173,0.035259318,0.97999996
y1,252,-0.013751222,0.03831233,0.98
y1,253,0.005165452,0.04080592,0.98
y1,254,0.0006916738,0.0379572,1.0
y1,255,-0.00014093501,0.036763176,0.97999996
y1,256,0.011096613,0.03491293,0.95000005
y1,257,0.017044518,0.033984542,0.99000007
y1,258,0.015857562,0.035694398,0.99000007
y1,259,0.005842988,0.03200611,0.94000006
y1,260,0.007295944,0.04419462,0.99000007
y1,261,0.0025665201,0.04396055,0.98
y1,262,-0.0017910907,0.036981303,0.96999997
y1,263,-0.020068161,0.03786374,0.97
y1,264,-0.00419741,0.035601873,1.0
y1,265,0.0075458093,0.048134893,1.0
y1,266,-0.009843018,0.036931362,0.9400001
y1,267,0.002137348,0.039177112,0.9600001
y1,268,0.004479531,0.04223327,0.97
y1,269,-0.0077411607,0.034241587,0.96
y1,270,-0.0077016167,0.040741988,0.97999996
y1,271,-0.010560217,0.032844476,0.98
y1,272,-0.003775955,0.039039876,0.98
y1,273,0.000942703,0.040509667,0.99000007
y1,274,0.0046996204,0.0432765,0.97
y1,275,0.00066404254,0.04088238,0.96999997
y1,276,0.012592924,0.03700951,0.99000007
y1,277,0.015277279,0.042975012,0.96999997
y1,278,0.001981205,0.03558683,0.96
y1,279,-0.022081524,0.037765235,0.99000007
y1,280,0.0003913719,0.03799653,0.96
y1,281,-0.00755115,0.039141737,0.97999996
y1,282,-0.00440603,0.036591895,0.97999996
y1,283,0.006273416,0.04308838,0.97999996
y1,284,-0.007196443,0.044827722,1.0
y1,285,-0.0006285024,0.036629524,1.0
y1,286,-0.0069439793,0.033712097,1.0
y1,287,0.0033169913,0.044044826,0.99000007
y1,288,0.005436664,0.036815774,0.98
y1,289,0.001361358,0.035633646,0.99000007
y1,290,0.006726632,0.04636408,0.99000007
y1,291,-0.0049989033,0.039708063,0.99000007
y1,292,0.0049159965,0.03961917,1.0
y1,293,0.00678538,0.042991776,0.99000007
y1,294,0.009855815,0.040143512,0.97
y1,295,0.008170088,0.036285087,0.97
y1,296,0.0038533702,0.03919731,0.98
y1,297,0.013374898,0.042303577,0.99000007
y1,298,0.00777746,0.037454538,0.97999996
y1,299,0.010606965,0.03374478,0.95
y1,300,0.0057034413,0.037433423,0.97999996
y1,301,-9.6063035e-5,0.037133504,0.96000004
y1,302,0.0042329016,0.036394157,0.97
y1,303,0.0067348825,0.038385745,0.99000007
y1,304,0.0106599135,0.037244927,0.96000004
y1,305,0.012272438,0.0354278,0.99000007
y1,306,0.013084723,0.038119856,0.99000007
y1,307,0.016668519,0.04191395,0.96000004
y1,308,0.0032624186,0.042787526,1.0
y1,309,-0.0036606411,0.035383984,0.97
y1,310,-0.0016409794,0.035693474,0.99000007
y1,311,-0.0049657607,0.041039504,0.99000007
y1,312,0.0041468204,0.03563625,0.97
y1,313,-0.0048588025,0.03798213,0.99
y1,314,-0.011550956,0.035501678,0.99000007
y1,315,-0.009538557,0.03959922,0.99000007
y1,316,-0.0024864906,0.03848813,0.97999996
y1,317,0.0027236422,0.04195751,1.0
y1,318,0.011522901,0.03629393,0.99000007
y1,319,-5.6380788e-5,0.037983745,0.98
y1,320,-0.0055746557,0.040391333,1.0
y1,321,-0.00044278541,0.036802866,0.95
y1,322,-0.004313566,0.04458158,0.99
y1,323,0.005755807,0.037647918,0.9600001
y1,324,0.0039855987,0.03616488,0.97
y1,325,-0.0077635334,0.04109145,1.0
y1,326,0.0012830747,0.036589444,0.97999996
y1,327,-9.980739e-5,0.036593605,0.98
y1,328,0.001908574,0.041523963,0.97999996
y1,329,0.007937132,0.042659756,0.99000007
y1,330,-0.0020935289,0.035726618,0.97999996
y1,331,0.005761658,0.03970281,1.0
y1,332,-0.0022836532,0.040711336,0.98
y1,333,0.0031780878,0.03995768,0.98
y1,334,-0.0017833944,0.036077354,0.95000005
y1,335,0.0025520339,0.039901596,0.96
y1,336,-0.017487703,0.037445907,0.9900001
y1,337,0.011448829,0.034001704,0.96000004
y1,338,-0.0027524491,0.033863455,0.96999997
y1,339,-0.0023719033,0.041901525,0.9700001
y1,340,-0.0034138774,0.037346274,0.97
y1,341,0.0072471052,0.03696993,0.99000007
y1,342,0.014548347,0.037377205,0.99000007
y1,343,0.0010468666,0.0355607,0.99000007
y1,344,4.748664e-5,0.040579025,0.98
y1,345,-0.010802351,0.03339073,1.0
y1,346,-0.009343352,0.039032914,0.96
y1,347,0.0010047952,0.03850873,1.0
y1,348,0.003701881,0.03825424,0.99000007
y1,349,0.0032354412,0.032578014,0.96999997
y1,350,0.0020630902,0.03916232,0.97
y1,351,-0.0014355261,0.04297736,0.97999996
y1,352,0.0106833065,0.03512716,0.97999996
y1,353,0.002412866,0.032979313,0.97999996
y1,354,-0.008001463,0.0401714,1.0
y1,355,0.0012252333,0.039846208,0.96999997
y1,356,-0.007019755,0.037606522,0.97999996
y1,357,-0.008289496,0.0374277,1.0
y1,358,0.011472586,0.04094341,0.97999996
y1,359,0.0024419196,0.036007825,0.96000004
y1,360,0.010918021,0.03885244,0.99000007
y1,361,-0.009288403,0.038806867,1.0
y1,362,-0.007925753,0.04271282,0.99000007
y1,363,-0.0044078636,0.043500006,0.99000007
y1,364,0.004881918,0.040017188,0.99000007
y1,365,-0.007364619,0.039563872,0.99000007
y1,366,-0.016234782,0.04201297,0.99000007
y1,367,0.011249144,0.038785145,0.96999997
y1,368,0.012300995,0.03915805,0.97999996
y1,369,0.0049235774,0.03509333,0.96
y1,370,-0.009102989,0.03791635,0.98
y1,371,-0.00021756672,0.03330154,1.0
y1,372,-0.010449475,0.03602645,0.99000007
y1,373,0.0059440997,0.0395123,0.9700001
y1,374,-0.0077760816,0.041461293,0.97999996
y1,375,0.011531946,0.041090533,1.0
y1,376,0.0160892,0.03562892,1.0
y1,377,0.009759597,0.041502036,0.99000007
y1,378,-0.014965247,0.043366827,0.97999996
y1,379,0.0026334983,0.03381124,0.99000007
y1,380,-0.009718367,0.03809506,0.9600001
y1,381,-0.00627877,0.040798396,0.99000007
y1,382,-0.002782,0.03682461,0.99000007
y1,383,0.005289531,0.03528882,1.0
y1,384,-0.0039813565,0.037923653,0.96
y1,385,-0.019283315,0.034199793,1.0
y1,386,0.015720911,0.04015935,0.97999996
y1,387,0.0045666774,0.037422564,1.0
y1,388,-0.009088639,0.033829283,0.96000004
y1,389,-0.0040835245,0.039324243,0.96999997
y1,390,-0.007974634,0.03714256,0.97999996
y1,391,0.02048136,0.04288791,0.99000007
y1,392,-0.012315938,0.040301144,0.97
y1,393,-0.0030142758,0.03775003,1.0
y1,394,0.009639774,0.041510824,0.96999997
y1,395,-0.0057145185,0.038418263,0.99000007
y1,396,0.012826792,0.042736582,0.99000007
y1,397,-0.009672099,0.03694444,0.9200001
y1,398,0.003192355,0.03938835,1.0
y1,399,-0.012805553,0.042798724,0.97999996
y1,400,-0.004649458,0.04281068,0.99000007
y1,401,-0.019084094,0.040066954,0.97999996
y1,402,0.0018296608,0.035167262,0.99
y1,403,-0.003599181,0.035220854,0.9400001
y1,404,-0.004501311,0.037225958,0.97999996
y1,405,-0.020883426,0.044536583,0.99000007
y1,406,0.020995434,0.03820572,0.98
y1,407,0.0020956157,0.038533486,0.99000007
y1,408,-7.304547e-5,0.038101297,0.97
y1,409,0.00043624616,0.042907044,0.98
y1,410,0.001988148,0.03858594,0.96000004
y1,411,-0.013012822,0.033008426,0.97999996
y1,412,-0.0003997974,0.04371666,0.97999996
y1,413,-0.0073721185,0.043487933,0.97999996
y1,414,0.00804043,0.03275074,0.96999997
y1,415,-0.005546473,0.03848061,0.94000006
y1,416,-0.0015121585,0.03854135,0.97999996
y1,417,-0.0066322437,0.038302302,0.97999996
y1,418,-0.0010074229,0.03428412,0.97
y1,419,0.010675971,0.03462712,0.97
y1,420,-0.01220734,0.03789025,0.97
y1,421,-0.0060004257,0.036253262,1.0
y1,422,0.0012135174,0.037132256,0.98
y1,423,0.00065706566,0.03641076,0.9700001
y1,424,-0.022906194,0.042806126,0.9900001
y1,425,0.0021190764,0.03719531,0.99000007
y1,426,-0.003851428,0.038188335,0.97999996
y1,427,0.0021898523,0.038723532,0.99000007
y1,428,0.009171556,0.037209433,0.99000007
y1,429,-0.005327144,0.036558896,0.99000007
y1,430,-0.006898251,0.037981704,0.97
y1,431,0.012866915,0.03897223,0.96000004
y1,432,0.010084159,0.03435386,0.97999996
y1,433,0.011217975,0.037134606,0.99000007
y1,434,0.0055985474,0.039654218,0.99000007
y1,435,-0.013293922,0.039812874,1.0
y1,436,-0.007954788,0.03717514,0.97999996
y1,437,-0.009067715,0.043009996,0.99000007
y1,438,-0.009240772,0.036292393,0.97999996
y1,439,-0.0057791234,0.037377354,0.99000007
y1,440,0.0035709015,0.037848134,1.0
y1,441,0.00033662454,0.037038576,0.99000007
y1,442,-0.0029745162,0.037014533,0.97999996
y1,443,-0.010393086,0.039557073,0.98
y1,444,0.006552115,0.04079321,0.97999996
y1,445,-0.0022220244,0.045816407,0.99000007
y1,446,0.0017662576,0.03711949,0.97
y1,447,-0.0007784809,0.03437725,0.96999997
y1,448,0.0047899927,0.039381996,0.97999996
y1,449,-0.012282066,0.037549626,0.99000007
y1,450,-0.009214023,0.04106147,1.0
y1,451,0.0015675772,0.034048885,0.96
y1,452,0.0063463915,0.035482146,0.99000007
y1,453,0.0053947745,0.036872134,0.96
y1,454,-0.0039504226,0.03986909,0.97
y1,455,-0.0046034935,0.0356477,0.97999996
y1,456,0.00034747663,0.032365784,0.98
y1,457,0.0039175465,0.037575755,0.99000007
y1,458,0.00043191965,0.03821601,0.97
y1,459,0.0021925892,0.036798578,0.97999996
y1,460,-0.000856025,0.03571626,0.97999996
y1,461,0.0034520691,0.03559848,0.97999996
y1,462,0.008546867,0.032750186,0.96999997
y1,463,0.0016649542,0.03919065,0.97
y1,464,-0.0006826837,0.035515822,0.98
y1,465,0.0010116752,0.034467123,0.96
y1,466,-0.0060244813,0.043504667,0.97
y1,467,0.0011862493,0.035880074,0.96999997
y1,468,-0.008811757,0.03906507,1.0
y1,469,0.009035683,0.042698853,0.97999996
y1,470,-0.0122232055,0.037126422,1.0
y1,471,0.017282235,0.034392588,0.97
y1,472,0.0059690853,0.041575294,0.96999997
y1,473,-0.018525286,0.037037406,0.99000007
y1,474,-0.007576821,0.040101465,0.96999997
y1,475,-0.021977294,0.04025316,0.99000007
y1,476,0.009642519,0.04528697,0.97999996
y1,477,0.0035896604,0.036084373,0.99000007
y1,478,0.007953824,0.043656934,0.97999996
y1,479,0.005911017,0.03899702,0.97999996
y1,480,-0.012320174,0.03502557,0.97
y1,481,-0.0039658016,0.04056315,1.0
y1,482,-0.018573716,0.037165977,0.99000007
y1,483,0.004993393,0.03763243,0.95000005
y1,484,-0.0012199845,0.039921995,0.99000007
y1,485,-0.009077256,0.037618604,0.98
y1,486,-0.005733722,0.033752244,0.97999996
y1,487,0.0005000393,0.038818557,0.98
y1,488,-0.006571853,0.039975177,0.99000007
y1,489,0.010941342,0.039389223,1.0
y1,490,0.011278008,0.039318256,0.99000007
y1,491,-0.012755621,0.040581074,0.97999996
y1,492,-0.007304344,0.037424177,0.97
y1,493,0.0080376165,0.03450931,0.96
y1,494,-0.004009616,0.039904326,0.99000007
y1,495,0.006869749,0.03439242,0.97
y1,496,-0.017977254,0.04271656,0.97999996
y1,497,0.0016832979,0.040676918,0.97999996
y1,498,-0.019450434,0.03684754,1.0
y1,499,-0.0042723673,0.03970903,0.94
y1,500,0.007979332,0.037822574,0.99000007
y1,501,0.011893256,0.04140555,0.99000007
y1,502,-0.0078943735,0.034543544,1.0
y1,503,-0.018700749,0.03982908,1.0
y1,504,-0.002303262,0.037466593,0.99000007
y1,505,-0.003912395,0.039618522,1.0
y1,506,0.011823943,0.03558676,0.97999996
y1,507,0.0074754786,0.03746161,0.97999996
y1,508,-0.00022189009,0.03967429,0.97999996
y1,509,-0.01020722,0.034112614,0.97999996
y1,510,0.0025485677,0.043600652,0.98
y1,511,0.015831433,0.039469734,0.97
y1,512,0.0021945038,0.04024485,0.96999997
y1,513,0.008048381,0.03662601,1.0
y1,514,-0.00413702,0.046694495,0.97999996
y1,515,-0.0015478372,0.03751387,0.97999996
y1,516,0.008931512,0.03709344,0.98
y1,517,0.004543121,0.03827253,0.96
y1,518,-0.008853276,0.03630712,0.97999996
y1,519,0.0016395177,0.041265033,0.96999997
y1,520,0.0031885079,0.03029857,0.97
y1,521,-0.007021874,0.03851113,0.99000007
y1,522,0.0029885883,0.04031342,0.96999997
y1,523,-0.007355547,0.03676162,0.97999996
y1,524,0.003197853,0.038595416,0.97999996
y1,525,-0.013095067,0.04008143,0.98
y1,526,0.0048323986,0.042099275,0.98
y1,527,-0.008254257,0.03955773,0.97999996
y1,528,-0.008429537,0.038884148,0.97
y1,529,-0.009224584,0.038229577,0.97999996
y1,530,-0.0026250044,0.039347786,0.97
y1,531,0.00026275933,0.039502855,0.98
y1,532,-0.0017597106,0.03687336,0.97999996
y1,533,0.015561782,0.034173533,0.99000007
y1,534,0.0014662466,0.041335642,0.99000007
y1,535,-0.003837352,0.035488576,1.0
y1,536,0.0029187794,0.041016996,1.0
y1,537,0.0063072196,0.03732751,0.97999996
y1,538,0.0032261687,0.04080368,0.96
y1,539,-0.0078393025,0.03840419,0.97999996
y1,540,0.010647172,0.038327597,0.97999996
y1,541,0.0076325615,0.036452223,0.97
y1,542,0.0023131538,0.03787801,0.98
y1,543,0.0073276157,0.03878503,0.97
y1,544,0.011716801,0.034979343,0.98
y1,545,-7.832438e-6,0.041491754,0.99000007
y1,546,0.012926129,0.038146973,0.97
y1,547,0.0056664683,0.039667767,0.9700001
y1,548,-0.00012729951,0.03575592,0.98
y1,549,-0.0065326607,0.037551325,0.97
y1,550,0.013600397,0.03633374,0.96
y1,551,-0.004251271,0.03340381,1.0
y1,552,0.00957746,0.038380254,0.9699999
y1,553,-0.003941335,0.036693875,0.99000007
y1,554,0.001419468,0.037514396,0.97
y1,555,-0.0039744764,0.0408569,0.98
y1,556,-0.0020572685,0.03703822,0.95000005
y1,557,-0.0040234705,0.0380988,0.99000007
y1,558,-0.015599506,0.03589377,0.97
y1,559,-0.002575113,0.03694271,0.99000007
y1,560,-0.011261497,0.032305147,0.97
y1,561,0.004447998,0.035542846,0.97999996
y1,562,0.0039591156,0.04249201,0.96999997
y1,563,-0.015154947,0.04177888,1.0
y1,564,-0.008434623,0.04110968,0.98
y1,565,-0.012388816,0.045205783,0.99000007
y1,566,-0.00011166951,0.0404561,0.96000004
y1,567,-0.0011324461,0.03776417,0.99000007
y1,568,0.007467628,0.038910445,0.99
y1,569,0.008346079,0.03760935,0.97
y1,570,-0.0042021098,0.037282743,0.98
y1,571,-0.0030107687,0.040184688,0.98
y1,572,-0.013431517,0.04092721,0.97999996
y1,573,0.003968032,0.04168604,0.97999996
y1,574,0.010111998,0.036351524,0.98
y1,575,-0.003732953,0.03523395,0.99000007
y1,576,-0.008508444,0.03861534,0.97
y1,577,-3.0429293e-5,0.037365913,1.0
y1,578,-0.015676763,0.03338659,0.96
y1,579,0.0019550114,0.03846048,0.97
y1,580,-0.008716406,0.04011929,1.0
y1,581,0.0107186735,0.033189088,1.0
y1,582,-0.011063014,0.040918183,0.99000007
y1,583,0.0005223851,0.036312737,0.97999996
y1,584,-0.010304887,0.03759272,0.97999996
y1,585,-0.007770737,0.039994344,1.0
y1,586,0.01290672,0.04173702,0.96
y1,587,0.0030189762,0.037972964,0.97999996
y1,588,0.0035189243,0.03834515,1.0
y1,589,0.0012081956,0.035431102,0.9700001
y1,590,-0.013110204,0.03860354,0.99000007
y1,591,-0.007943187,0.03401085,0.97999996
y1,592,-0.013485498,0.04314802,0.96
y1,593,-0.003751763,0.042669713,1.0
y1,594,0.0059382585,0.03823997,0.99000007
y1,595,-0.0069644665,0.040694777,0.97999996
y1,596,-0.008703239,0.039472073,0.97
y1,597,0.013633446,0.038211565,0.99000007
y1,598,-0.0022450201,0.03841011,0.99000007
y1,599,0.0016704557,0.04099364,0.97999996
y1,600,-0.01229694,0.03711129,0.99000007
y1,601,0.0045351153,0.03812802,0.9500001
y1,602,0.0031303144,0.03912579,0.97999996
y1,603,0.016774736,0.040847044,0.99000007
y1,604,-0.0046737753,0.040920395,0.98
y1,605,0.0023282536,0.040670995,0.95
y1,606,0.0012381728,0.035539337,0.97999996
y1,607,0.0051681586,0.0351864,0.97999996
y1,608,-0.0020670907,0.037898283,0.97
y1,609,0.00091582304,0.034712523,0.96
y1,610,-0.008892817,0.03529475,0.98
y1,611,-0.007133338,0.034095462,0.99000007
y1,612,0.0058160583,0.036467977,0.96
y1,613,-0.0056779105,0.04082657,0.97
y1,614,-0.0074080857,0.036431618,0.99000007
y1,615,-0.0067436504,0.037563793,0.95
y1,616,0.006728654,0.03408707,0.98
y1,617,-0.011969352,0.03888165,1.0
y1,618,-0.000662741,0.038592946,0.97999996
y1,619,-0.0067116385,0.03546582,0.99000007
y1,620,0.017888756,0.038072493,0.99000007
y1,621,0.010232206,0.040286038,0.9600001
y1,622,-0.010005106,0.039558575,0.96999997
y1,623,-0.00012509036,0.040920973,0.97
y1,624,0.0020603437,0.03852745,0.97999996
y1,625,0.008541891,0.040650204,0.9499999
y1,626,0.009634888,0.03546801,0.96999997
y1,627,0.012329976,0.03822717,0.99000007
y1,628,-0.0073093474,0.039830934,1.0
y1,629,-0.0136602465,0.033742744,0.96000004
y1,630,0.01631228,0.04348488,1.0
y1,631,0.00783588,0.03910833,1.0
y1,632,0.006279348,0.038429756,0.96
y1,633,0.002844108,0.04145482,1.0
y1,634,0.008794024,0.033488918,0.96999997
y1,635,-0.009556453,0.037590563,0.96999997
y1,636,-0.00020732777,0.037078034,0.97999996
y1,637,-0.00064663746,0.034778204,0.97999996
y1,638,-0.00056558824,0.04384686,0.99000007
y1,639,0.0049093375,0.036260266,0.99000007
y1,640,0.0151922405,0.036246635,0.9700001
y1,641,-0.011265934,0.034421343,0.9700001
y1,642,-0.009058119,0.041031677,0.97999996
y1,643,0.008100407,0.0403081,0.98
y1,644,-0.009522635,0.039056554,1.0
y1,645,-0.0033273387,0.03357486,0.99000007
y1,646,0.0016525089,0.03661874,0.97
y1,647,-0.00024995708,0.038356394,1.0
y1,648,6.293624e-6,0.03953538,0.94000006
y1,649,-0.009713048,0.044243235,1.0
y1,650,0.007977212,0.0463579,0.98
y1,651,0.019420613,0.037699297,0.9499999
y1,652,-0.0040444005,0.03968581,0.97
y1,653,0.0018440057,0.035973668,0.99000007
y1,654,0.0020334,0.03403158,0.97999996
y1,655,0.006992167,0.030249,0.96999997
y1,656,0.0024793146,0.034328017,0.97999996
y1,657,0.0065822923,0.036498047,0.97999996
y1,658,-0.006288508,0.034895275,0.97999996
y1,659,-0.011116874,0.033958703,0.96
y1,660,-0.0064877314,0.0362829,0.97
y1,661,-0.01870123,0.042908292,0.97999996
y1,662,0.015086425,0.03805342,0.97999996
y1,663,-0.010193044,0.04035598,0.99000007
y1,664,-0.015399761,0.039261606,0.97
y1,665,0.017758878,0.039095934,0.97
y1,666,0.008355799,0.041417535,0.99000007
y1,667,-0.009317665,0.040632255,0.99000007
y1,668,0.0037875567,0.038373925,1.0
y1,669,-0.0071305134,0.03790854,0.97
y1,670,0.0048771445,0.033910483,0.99000007
y1,671,0.012732097,0.035984274,0.99000007
y1,672,-0.006839612,0.032204606,0.9600001
y1,673,-0.0013248799,0.03995807,0.96
y1,674,0.0033439863,0.038051043,0.97
y1,675,-0.014003276,0.031553794,0.97999996
y1,676,0.0148223825,0.039134618,0.98
y1,677,-0.00229579,0.038221262,1.0
y1,678,0.0012630962,0.034907002,0.99000007
y1,679,0.0012514982,0.038241092,0.99000007
y1,680,0.0011383339,0.04261318,0.98
y1,681,0.0004417482,0.03787824,0.98
y1,682,-0.0027747254,0.03618443,0.96999997
y1,683,8.142229e-5,0.034167577,0.9900001
y1,684,0.008638886,0.0340601,1.0
y1,685,0.008651681,0.037982322,0.96999997
y1,686,0.018928045,0.03800814,0.93
y1,687,0.003787955,0.038265053,1.0
y1,688,0.0029889874,0.038543776,0.96
y1,689,-0.00425036,0.037188604,0.97999996
y1,690,0.006015966,0.035022117,0.97
y1,691,-0.007144279,0.04170523,1.0
y1,692,-0.0062425868,0.04209192,0.96000004
y1,693,-0.006416298,0.039620716,1.0
y1,694,0.005428304,0.034753468,0.97999996
y1,695,0.0035374018,0.038859747,0.9700001
y1,696,0.00047030137,0.039765604,0.96999997
y1,697,0.0016896165,0.03481457,0.99000007
y1,698,0.0049407873,0.038296506,0.97999996
y1,699,-0.008039189,0.039004624,0.97999996
y1,700,-0.008609779,0.04114044,0.97999996
y1,701,-0.0036907336,0.04132272,0.97999996
y1,702,0.005682291,0.036937974,1.0
y1,703,-2.8817658e-5,0.03324065,0.97999996
y1,704,-0.018305106,0.0371276,1.0
y1,705,0.011518878,0.040715825,0.97
y1,706,0.0030374145,0.039518915,0.99000007
y1,707,-0.0073612197,0.039556213,0.97999996
y1,708,-0.011959557,0.041152287,0.98
y1,709,0.005003609,0.03517145,0.99000007
y1,710,-0.022171618,0.0423277,0.97999996
y1,711,0.0041882964,0.040036235,0.97
y1,712,-0.0009016016,0.03621933,1.0
y1,713,-0.011048601,0.03784648,0.99000007
y1,714,0.011293843,0.043178763,0.99000007
y1,715,0.011588742,0.038952205,0.9499999
y1,716,0.0047973725,0.033931717,0.98
y1,717,0.0023541169,0.03709329,0.99000007
y1,718,-0.010174295,0.039098863,0.99000007
y1,719,-0.0021514937,0.038136754,0.97999996
y1,720,-0.011735829,0.043612763,0.97
y1,721,-0.004547629,0.038089797,0.99000007
y1,722,-0.013801246,0.040578492,0.9699999
y1,723,0.0010377241,0.039085932,0.97999996
y1,724,-0.005107957,0.0363054,0.99000007
y1,725,-0.00545588,0.040231537,1.0
y1,726,0.0050271107,0.03948129,0.96
y1,727,-0.0034146048,0.03560204,0.99
y1,728,-0.008977735,0.03944705,0.98
y1,729,-0.007961578,0.03747528,0.99000007
y1,730,0.0010599185,0.040172897,0.97999996
y1,731,0.0066537755,0.036718298,0.96
y1,732,0.00045392715,0.03674792,0.96
y1,733,-0.0010711204,0.039010826,0.99000007
y1,734,0.005796654,0.04004109,1.0
y1,735,-0.010752908,0.03896662,0.98
y1,736,0.0022023544,0.037908677,0.98
y1,737,0.021968126,0.03810186,0.99000007
y1,738,-0.008810883,0.03764321,0.98
y1,739,-0.005148306,0.036682747,0.97999996
y1,740,-0.0003540416,0.036919996,1.0
y1,741,-0.0054501696,0.03453357,0.97999996
y1,742,-0.005862474,0.034982692,0.99000007
y1,743,0.0132202115,0.039005406,0.9900001
y1,744,-0.015305634,0.034015626,0.99000007
y1,745,-0.003348162,0.03860874,0.99000007
y1,746,-0.0036725076,0.036221992,0.97999996
y1,747,0.008277649,0.04180075,0.98
y1,748,-0.00685003,0.037846655,0.95
y1,749,-0.009953114,0.03888737,0.99000007
y1,750,-0.0030346543,0.036554288,0.98
y1,751,0.0026829438,0.03996984,0.97999996
y1,752,-0.009253343,0.036402475,0.97999996
y1,753,0.0011546116,0.03629848,0.97
y1,754,0.01313332,0.03935483,1.0
y1,755,0.008176825,0.042789336,1.0
y1,756,-0.013161367,0.041459333,0.96000004
y1,757,-0.0063418774,0.04086478,0.9900001
y1,758,0.005733911,0.038777567,0.95
y1,759,0.00011826354,0.039030805,0.99000007
y1,760,-0.0043517943,0.04020661,0.96000004
y1,761,0.007775435,0.039578762,0.97999996
y1,762,-1.1151587e-5,0.037859477,0.96
y1,763,-0.015042709,0.035889756,0.97999996
y1,764,-0.0069255326,0.039377425,0.96999997
y1,765,0.014566983,0.040380903,0.99000007
y1,766,0.01137258,0.038641915,0.99000007
y1,767,-0.0032706477,0.03587837,0.99000007
y1,768,0.0051024826,0.036149032,0.97999996
y1,769,0.0104081,0.036311857,0.99000007
y1,770,0.015527367,0.03647434,0.97
y1,771,-0.0015198416,0.03850029,1.0
y1,772,-0.0026658378,0.04020502,0.99000007
y1,773,-0.004599884,0.04028936,0.97
y1,774,-0.01690369,0.035989873,0.97999996
y1,775,-0.0013261863,0.03853687,0.99000007
y1,776,0.0037085125,0.0360594,0.99000007
y1,777,-0.005212831,0.038703945,0.99000007
y1,778,-0.006911316,0.036823023,1.0
y1,779,0.0153908115,0.039369907,0.99000007
y1,780,-0.0061909156,0.03676266,1.0
y1,781,-0.0072662644,0.038252912,0.98
y1,782,-0.000536222,0.039739795,0.97999996
y1,783,0.0012019291,0.0388534,1.0
y1,784,-0.0040818797,0.03786202,0.96
y1,785,0.01334474,0.03739579,1.0
y1,786,-0.0025509836,0.039184406,1.0
y1,787,0.012949078,0.03493435,0.96999997
y1,788,-0.0001782588,0.040283095,0.97999996
y1,789,-0.0012514351,0.036066115,0.98
y1,790,0.0013471349,0.03871147,0.99000007
y1,791,-0.0042037936,0.034545615,0.97999996
y1,792,-0.013811963,0.03709452,0.99000007
y1,793,-0.00592015,0.034439117,0.97999996
y1,794,0.0029455645,0.038240384,0.99000007
y1,795,-0.012952013,0.043081746,0.96999997
y1,796,-0.015553607,0.03998421,1.0
y1,797,-0.013414483,0.037854526,0.97
y1,798,-0.008347749,0.03741109,0.98
y1,799,-0.013569994,0.035827283,0.99000007
y1,800,0.005918757,0.03980898,0.97999996
y1,801,-0.009864421,0.03866828,0.99000007
y1,802,-0.0058544963,0.036851685,0.97
y1,803,0.010731514,0.039915517,0.97999996
y1,804,0.00066245015,0.039080918,0.97999996
y1,805,-0.0023183438,0.038093086,0.97999996
y1,806,-0.009465962,0.03581352,0.96999997
y1,807,0.004934949,0.034412153,0.96
y1,808,-0.020234803,0.036480445,0.98
y1,809,0.008816205,0.033879604,1.0
y1,810,-0.0002419312,0.035192918,0.97
y1,811,0.00466328,0.041226607,0.99000007
y1,812,0.0012024286,0.037019003,0.9600001
y1,813,-0.008865002,0.035757672,0.96999997
y1,814,-0.0076005566,0.040129658,0.97999996
y1,815,0.010732546,0.03464097,0.9499999
y1,816,0.004797937,0.035831608,0.97999996
y1,817,-0.0030837376,0.036926538,0.97999996
y1,818,0.0013688728,0.03753852,1.0
y1,819,-0.0029081118,0.03894606,0.96
y1,820,0.005750447,0.037165478,0.96999997
y1,821,0.0023857516,0.037330575,0.97
y1,822,0.010713389,0.03436118,1.0
y1,823,0.006320438,0.036061402,0.99000007
y1,824,-0.012642141,0.03754548,0.96999997
y1,825,-6.057761e-5,0.04429222,1.0
y1,826,-0.012150073,0.03737486,1.0
y1,827,0.013607128,0.03475132,1.0
y1,828,0.0074053174,0.04254071,0.9499999
y1,829,0.007561056,0.038491465,0.99000007
y1,830,0.003952512,0.03372165,0.99000007
y1,831,0.01191447,0.04599398,0.98
y1,832,0.004433902,0.036488313,0.99000007
y1,833,0.005834359,0.036471028,0.98
y1,834,-0.0060332636,0.039654642,0.99000007
y1,835,-0.005321738,0.039684836,0.99000007
y1,836,0.007587184,0.041855324,1.0
y1,837,-0.004756833,0.036590915,1.0
y1,838,-0.0011124167,0.03979331,0.99000007
y1,839,0.013399064,0.03814458,0.99000007
y1,840,-0.004075775,0.036870446,0.96000004
y1,841,-0.009227005,0.0394042,0.97999996
y1,842,-0.008021262,0.03646866,0.97999996
y1,843,-0.0007284498,0.035851225,0.97
y1,844,-0.02022871,0.042302452,0.99000007
y1,845,0.0068139555,0.03528573,1.0
y1,846,-0.00086446165,0.038070843,0.99000007
y1,847,0.005514286,0.03440933,1.0
y1,848,-0.0005031128,0.039076302,0.97999996
y1,849,0.00047680121,0.0371514,0.97999996
y1,850,0.008197308,0.03567044,1.0
y1,851,-0.008713536,0.03759272,0.97999996
y1,852,-0.009936984,0.038253702,0.96000004
y1,853,-0.012361937,0.04300143,0.97999996
y1,854,-0.009186699,0.037470132,0.97
y1,855,-0.012742452,0.039041493,0.97
y1,856,-0.0015356088,0.036790483,0.97999996
y1,857,0.010380226,0.03959369,1.0
y1,858,-0.031582076,0.040728305,0.96
y1,859,0.00054384687,0.037428867,0.97
y1,860,0.00090417714,0.036325555,0.97999996
y1,861,0.010428578,0.038650192,0.99000007
y1,862,-0.0054424587,0.036986228,1.0
y1,863,0.008278215,0.03368582,0.96
y1,864,0.011871833,0.040844407,0.98
y1,865,0.008115795,0.04114411,0.9900001
y1,866,0.004785109,0.039660335,0.96000004
y1,867,0.0047341613,0.04134257,0.97999996
y1,868,0.0026380324,0.03897418,0.99000007
y1,869,-0.010811143,0.036973707,0.99000007
y1,870,-0.0061111245,0.038041852,0.97
y1,871,0.0058518057,0.04243599,0.97999996
y1,872,0.013993634,0.037348565,0.99000007
y1,873,0.00018726244,0.03477432,0.97999996
y1,874,0.0032800718,0.037788745,0.97999996
y1,875,0.0048349034,0.036690332,0.95000005
y1,876,0.01032162,0.04034568,0.9599999
y1,877,-0.0028673436,0.03704732,0.96
y1,878,-0.010663244,0.035252184,1.0
y1,879,-0.009560161,0.036641337,0.97
y1,880,0.003206894,0.037338085,1.0
y1,881,0.0095294295,0.037390154,0.94
y1,882,-0.008045544,0.038767796,0.9800001
y1,883,0.0036679788,0.03380298,0.97999996
y1,884,0.014016092,0.03797308,0.96
y1,885,0.0011101298,0.036835883,1.0
y1,886,0.000522277,0.039216552,1.0
y1,887,-0.013315401,0.036443394,0.96999997
y1,888,0.0020991885,0.03753435,0.99000007
y1,889,0.010410961,0.04046762,0.97
y1,890,0.006001862,0.035628114,0.99000007
y1,891,0.0017197335,0.037849054,0.96
y1,892,0.0021818983,0.037038326,0.97999996
y1,893,0.00655855,0.038071625,0.97
y1,894,-0.010443162,0.037925966,0.97
y1,895,-0.005099909,0.034157302,0.96
y1,896,-0.013269109,0.041840058,0.99000007
y1,897,-0.00597123,0.032337923,0.97999996
y1,898,-0.0041710227,0.038262066,0.99000007
y1,899,0.009089402,0.037919454,0.97
y1,900,-0.002088467,0.03770545,1.0
y1,901,-0.0064503243,0.03438017,0.97999996
y1,902,-0.0046594474,0.037981022,0.99000007
y1,903,-0.0029326223,0.035738524,0.97999996
y1,904,-0.010600261,0.035776846,0.99000007
y1,905,-0.007447109,0.035106905,0.97999996
y1,906,0.007370764,0.03708677,0.99000007
y1,907,-0.013010002,0.03688147,0.98
y1,908,0.0035650064,0.04102377,0.97999996
y1,909,0.011692917,0.04001881,0.97
y1,910,0.0058782566,0.039095376,0.96
y1,911,-0.008380632,0.040320236,0.99000007
y1,912,-0.0037211315,0.036646422,1.0
y1,913,-0.0068839057,0.043093964,0.99000007
y1,914,-0.0014747176,0.03919942,0.99000007
y1,915,0.018066801,0.04072414,1.0
y1,916,-0.0025173065,0.037864063,0.97999996
y1,917,0.00034106945,0.0381327,0.96999997
y1,918,0.00303198,0.039653968,1.0
y1,919,0.002042616,0.036391657,0.96999997
y1,920,-0.011828287,0.03929216,0.97999996
y1,921,0.0049645826,0.036745626,0.97
y1,922,0.0032332395,0.03383292,0.99000007
y1,923,0.0019336625,0.040639903,0.97
y1,924,-0.0010053446,0.03546248,1.0
y1,925,-0.007608475,0.038865432,0.97
y1,926,0.010035099,0.039547633,0.99000007
y1,927,0.00651624,0.037870754,0.9900001
y1,928,-0.005711032,0.04119845,0.99000007
y1,929,-0.008394798,0.044622716,0.97999996
y1,930,2.6143558e-5,0.03671669,0.99000007
y1,931,0.0019251667,0.037504964,0.99000007
y1,932,-0.0076657585,0.041477855,1.0
y1,933,-0.0006174796,0.037606314,0.97
y1,934,0.011297477,0.037316162,0.98
y1,935,0.008694652,0.040751737,0.97999996
y1,936,0.01019359,0.0353561,0.98
y1,937,-0.00072493614,0.035482056,0.99000007
y1,938,-0.009319707,0.035097864,0.96999997
y1,939,-0.00061784894,0.037310712,0.97
y1,940,-0.0015684107,0.039367765,0.9700001
y1,941,0.008287945,0.03908074,1.0
y1,942,-0.0032501742,0.036446005,0.99000007
y1,943,0.008697766,0.03732688,0.96999997
y1,944,0.0134398155,0.037433498,1.0
y1,945,-0.0028897414,0.04148641,0.99000007
y1,946,0.012571093,0.040748376,1.0
y1,947,0.012324544,0.03746797,0.98
y1,948,-0.006871014,0.04055707,0.97999996
y1,949,-0.010283393,0.0359162,0.97999996
y1,950,-0.012637239,0.038098283,0.99000007
y1,951,-0.008426508,0.036259845,1.0
y1,952,-0.00504186,0.033690207,0.97999996
y1,953,0.0041926717,0.038123623,1.0
y1,954,0.0021910104,0.042276885,0.9700001
y1,955,0.00917025,0.037385155,0.99000007
y1,956,0.015221509,0.040427,0.97999996
y1,957,0.008638711,0.041500926,0.96000004
y1,958,0.0024381198,0.03892561,0.98
y1,959,0.0027768004,0.038946606,0.9699999
y1,960,0.0006891593,0.036902092,0.99000007
y1,961,-0.0047887713,0.039841015,0.98
y1,962,0.00204937,0.035761748,0.97999996
y1,963,0.005710606,0.03631418,0.98
y1,964,0.0070544505,0.038152803,0.99000007
y1,965,-0.0007585393,0.037185207,0.97
y1,966,-0.00030469283,0.03776114,0.96999997
y1,967,0.0043002204,0.042401183,0.99000007
y1,968,-0.0047410266,0.037402805,0.99000007
y1,969,-0.0011373686,0.036660258,0.97999996
y1,970,-0.004005979,0.039086264,0.97999996
y1,971,0.0041140113,0.037157323,1.0
y1,972,0.022029728,0.034911707,0.99000007
y1,973,-0.0012112934,0.037932023,0.98
y1,974,0.0023367002,0.03459534,0.99000007
y1,975,-0.006255908,0.04084434,0.96
y1,976,0.010056199,0.041962028,0.97999996
y1,977,0.013022802,0.038822882,1.0
y1,978,0.0046345005,0.037882876,0.96999997
y1,979,-0.0039862012,0.038948722,0.99000007
y1,980,-0.0076123048,0.040075175,0.95
y1,981,0.000105092,0.03798214,0.97999996
y1,982,-0.004080397,0.033376347,0.99000007
y1,983,-0.00047151936,0.040163837,1.0
y1,984,0.0004524365,0.03313043,0.9500001
y1,985,-0.009656993,0.042596683,0.9600001
y1,986,-0.009218335,0.041101396,0.96000004
y1,987,-0.0114773745,0.034733217,0.9600001
y1,988,-0.008503987,0.039257325,1.0
y1,989,0.0092236735,0.037686188,0.93999994
y1,990,-0.007185845,0.037248097,0.97999996
y1,991,-0.0056026126,0.037036464,0.96999997
y1,992,-0.0056685074,0.041938882,0.99000007
y1,993,0.005274603,0.036827125,0.99000007
y1,994,0.0021451833,0.037133463,0.9700001
y1,995,-0.009030266,0.037557255,0.99000007
y1,996,-0.008054686,0.03624281,1.0
y1,997,0.0068824203,0.038646586,0.96
y1,998,-0.0075792037,0.042302135,0.99000007
y1,999,0.0022722105,0.037500657,0.99000007
y1,1000,-0.0030866861,0.03706495,0.98
