y1_y1
0.77602684
0.8236589
0.8614818
0.9608806
0.82386845
0.8125945
0.92369527
0.8865787
0.86720705
0.92007804
1.1564686
1.2013925
1.3698616
1.2772875
1.4003593
0.97516185
0.8712482
0.8721019
0.8502593
1.0463212
1.0181785
1.0893799
1.2323599
1.4729769
1.192855
1.2036095
1.325928
1.0909812
1.1141016
0.9515093
1.1496998
0.93409157
1.0235784
1.5395352
1.9311085
1.4713486
1.4983631
1.2622181
1.2732891
1.6707102
1.8127807
1.7384678
1.9784036
1.9777082
1.3376831
1.9922657
1.7318871
1.7433376
1.7286747
1.6473773
1.7497256
1.6032003
1.2718539
1.2232138
1.3702564
1.9001085
2.3217943
1.6145147
1.54685
1.5764512
1.6634493
1.7643334
1.9217672
2.2037542
2.0031054
1.6627896
1.4869878
1.2937483
1.733487
1.8370013
1.7419105
1.4986484
1.4062003
1.3658714
1.6920781
1.8234061
1.6996472
1.4349184
1.4148959
1.721366
1.7858084
1.4159213
1.8266237
1.670675
1.4989232
2.1043026
1.9867883
1.7740053
1.6528108
1.7633787
2.1242614
2.1631782
2.310171
1.9623181
2.3581967
1.5334051
1.9181005
1.5938548
1.6308926
1.8885542
