0.0033024364685919926
0.0014207636608118434
0.0015061303153079525
0.005327877590883367
0.009266812827872143
0.0030764456603582964
0.0003450498134830162
0.0008780604735301832
0.0003524098125869081
0.00024271859456058076
0.00014012053375905622
0.0008493115039190941
0.000387565095951139
0.00010149780154543276
6.090627151314366e-6
0.0009752589696476701
0.001567134140043531
0.0006321077083713158
0.005553573747830232
0.0043950878659368
0.009989386874049754
0.008187898931203441
0.004038881212223034
0.0024446102745915277
2.034836879899953e-5
1.3540448760751538e-5
0.001122472315238999
0.004140031982745623
0.005178422117135471
0.009336588954444973
0.010537996705955696
0.014590507426855996
0.012031849684155525
0.014845683057454697
0.012175455248577318
0.0153310473227808
0.025564321503903944
0.02114660263116259
0.022673004600416876
0.027673002676800066
0.025606411522206333
0.04056995832342653
0.04009472940563608
0.03127758788067042
0.039933878632744425
0.020076836747049423
0.023621176314491718
0.021125935512600943
0.011303045532399945
0.01241246138012718
0.01083116454146722
0.010155279913220995
0.007029049177095411
0.009263262067117105
0.008716034023850447
0.008947365543920078
0.006449167014474827
0.006239832316299333
0.01337283306519928
0.019956562734217278
0.02314026764225692
0.02722590701537597
0.028090930240489934
0.032176119619831904
0.04003767152444685
0.04322129584611999
0.040350593661028784
0.03869422883274379
0.045391131709704824
0.040735110732069035
0.036540650666623126
0.03747606131504006
0.05157490767312827
0.050345749419567314
0.039903572868505814
0.035395289395521536
0.024734316031444673
0.029137592434318665
0.04583172972137316
0.039900240780237635
0.03395261725673535
0.030552940978853218
0.02540082180081755
0.02838664224764643
0.030483023276821734
0.046215030052957774
0.04795868510227372
0.054882509106984244
0.05650858072909159
0.052536087681535594
0.033640752098405786
0.03381048854280099
0.017923062178799208
0.01797125448782496
0.013836947218725954
0.010156002241256826
0.01604227073672677
0.010927589728660788
0.008485857338130877
0.008580838596713537
