y1
0.6586996186621082
0.6111076275133854
0.578372710460445
0.5570242591634711
0.5407052203937991
0.594881963802164
0.5730218179689567
0.5695640830388294
0.6145209870670229
0.5484383259140083
0.49937484535198956
0.39274916187108594
0.4979165305307066
0.4433923543170068
0.37910903661403555
0.552011159545955
0.5677055647942366
0.6296490996744117
0.5611211713020322
0.46259191708273734
0.48196519090143675
0.44005299161077266
0.43178612387909654
0.4294707506722036
0.4612999786139687
0.463435511216498
0.3998239320398527
0.5188247624187142
0.4520692560905739
0.4879496905829672
0.4494207156260479
0.47384241948346806
0.5009869077460228
0.38246456050181304
0.28035241064416216
0.3476923624661151
0.3242100629866285
0.32700593176096016
0.3709139325805155
0.2828440486197581
0.2544773135361952
0.1976484650238236
0.19022351282979127
0.17257482253071052
0.2771928180997834
0.1636685305559419
0.17002977985167217
0.18857495225405815
0.18459210637281054
0.2220873646300224
0.2743132989612695
0.2341116435778552
0.31968666384099687
0.33991252611756606
0.35952256164823193
0.1946512760946368
0.1699008300151992
0.2752368112463304
0.27681224307870705
0.3061551590556148
0.2629593571324031
0.32208463600828713
0.25551928004236324
0.22211521442355836
0.2217972515855788
0.31062392210306417
0.33423186165651037
0.36199377099568
0.28644410581897595
0.23349608391110094
0.2661593769413706
0.2886713880350498
0.27123117483340475
0.30110320093909143
0.26317878761187974
0.29090608296442444
0.2883561386165942
0.3803853423288018
0.37178202450497255
0.33067586033457663
0.30260647856200357
0.3665025036763718
0.31572774242892987
0.28022399959197664
0.25555884534632595
0.22765291903403564
0.19916426155649652
0.2598703893114261
0.2895146017772871
0.26445263033628014
0.1755645651246404
0.16196133234436358
0.20429169373043418
0.19925733624248704
0.20118029116283787
0.2930911838376206
0.22125995641265972
0.2509722081198887
0.2981078414136116
0.26140345190691444
