y1_y1
1.4977088066969464
1.2943021304361122
1.1817488284372593
1.2082688565552977
0.9698999281215371
1.1932270422348952
1.2396360352566582
1.1731441371335436
1.382479758110536
1.1174687500519978
1.153580354118133
0.7770197752833458
1.3584927169301284
1.01748423456806
0.8550436166586395
1.2015929309034665
1.1441563967073192
1.4826970247444957
1.087084783771675
0.9006558027922562
0.9472849481617929
0.8561254542692137
0.9364711437634121
1.1087959216538126
1.0214664272753222
1.0395681788437314
0.8833036903416842
1.1763450008501208
0.9191875231833878
0.9067247074508571
0.938464131791064
0.8412160633749157
1.0276271065971594
0.9534961113704549
0.7523000481262434
0.7842567775771754
0.7188393619029129
0.6133082461612474
0.750740933679785
0.6589228435389979
0.6187760353654507
0.4282480679141362
0.4647441392945698
0.41248762360733726
0.5129945473781266
0.38988273396496165
0.3547987332003196
0.40515117383213894
0.39133751022793706
0.4703120324079235
0.6614052531192878
0.49005557783527476
0.5976580439941708
0.6298948342756956
0.7691732294603474
0.45925265021109973
0.4752140323840589
0.6131297601458284
0.5920827678708899
0.6956002754500297
0.5934809151623177
0.8382531221499381
0.6595853553784647
0.6292542838943223
0.5709094110801464
0.7492314261082336
0.7465041983737459
0.7340505310151041
0.695877002177634
0.5595961171497782
0.6317799635471842
0.6081815183484445
0.5233557521431277
0.5884534884538883
0.6043787271364127
0.7480531330764202
0.6886923737996024
0.8809054489260041
0.8373413047123965
0.850431300910651
0.7748813087879772
0.8191645833345488
0.84281623842941
0.6504290796905198
0.5145646172094686
0.6202530590322108
0.494105345500536
0.6228793439616965
0.6735013347851411
0.6339906376325287
0.4523641385138467
0.41806092938355094
0.5931177543098237
0.48830452996685036
0.5939046077544023
0.6357644659187015
0.5449813853393898
0.5340432746843544
0.6926731932652791
0.6683954755835871
