0.0022659942
0.0022834572
0.0024954178
0.0024191348
0.0022676578
0.0023683226
0.0024456
0.00244306
0.002298985
0.002103259
0.0022017793
0.0023897742
0.002375098
0.002171875
0.002115257
0.0019977028
0.002071127
0.0020004855
0.0019509849
0.0019242823
0.0019519371
0.0020777774
0.001924238
0.0020940937
0.0020867584
0.0019830663
0.0020077059
0.0018765314
0.0018193925
0.0017661357
0.0017446755
0.0018165307
0.0016107957
0.00163891
0.0016406906
0.0015119185
0.0015574553
0.0014789713
0.0013844545
0.0013367829
0.001220301
0.0011935047
0.0010454623
0.0009904711
0.00089327886
0.0009932664
0.0009484766
0.0009350607
0.00094433984
0.0010258267
0.0011795448
0.0012300311
0.0012239466
0.0012373455
0.0011610019
0.0012559015
0.0011990571
0.0012218932
0.0014018
0.001381069
0.0015050007
0.001373133
0.0014172484
0.001449529
0.0015319693
0.0014742856
0.0014455408
0.001428031
0.0013854426
0.0013464586
0.0013319692
0.0012605415
0.0013867063
0.0014264319
0.001508699
0.001577133
0.00160565
0.0016278498
0.0014988892
0.001609877
0.0016430002
0.0014218745
0.0013794312
0.0013748803
0.0011926205
0.0011780215
0.0012762735
0.0012170095
0.0012181434
0.0010703165
0.0011832248
0.0013115773
0.0012277637
0.0011873625
0.0011900248
0.0011852673
0.0011424203
0.0012308378
0.0012608804
0.0012890134
