0
1
519
788
774
599
491
228
332
190
227
980
297
605
24
928
204
416
23
160
561
859
891
815
981
253
916
39
843
112
791
372
34
137
590
55
323
17
243
172
333
363
550
341
664
912
598
14
167
613
643
96
456
510
257
19
673
925
197
401
276
778
21
83
244
582
868
558
871
545
3
81
987
964
751
303
704
117
499
852
176
182
894
554
623
249
485
636
346
542
638
389
966
219
559
203
157
799
793
57
165
876
973
885
200
641
428
772
273
734
717
822
583
61
247
835
385
457
611
992
56
528
438
723
264
106
435
489
846
576
584
287
213
474
356
265
215
443
424
154
682
49
5
990
196
90
707
994
404
742
201
311
315
448
461
366
757
841
657
71
984
988
997
614
934
731
266
6
441
804
811
920
125
98
473
898
174
607
950
337
354
97
824
235
136
848
148
819
193
518
508
929
629
378
771
116
376
241
455
29
786
551
947
367
948
515
706
497
504
914
615
976
374
886
364
803
570
44
169
189
429
94
288
73
82
902
79
974
507
427
391
534
572
8
64
91
922
156
498
726
220
22
878
383
324
861
700
490
506
875
72
860
667
472
524
767
145
36
353
232
407
54
724
101
792
715
945
335
630
168
403
270
476
453
954
883
88
743
77
596
972
449
387
620
450
906
586
971
635
43
893
530
602
703
594
651
932
522
962
9
12
192
552
357
417
694
426
539
991
761
610
739
179
993
905
782
239
911
737
889
488
525
458
696
745
668
45
436
527
872
440
105
547
400
695
480
728
744
296
392
722
775
624
625
50
526
162
63
92
214
573
780
949
999
671
812
719
544
275
826
940
899
516
286
459
465
652
779
308
110
606
943
231
384
173
233
798
130
579
901
720
108
100
597
46
532
444
735
151
147
736
454
342
180
135
262
48
592
408
32
405
334
2
183
752
51
849
141
340
278
747
218
612
631
877
832
836
237
713
419
718
37
685
958
755
919
600
787
672
272
7
795
194
140
854
936
212
908
369
211
678
118
283
513
813
425
900
546
686
301
784
18
796
806
517
78
382
74
33
52
121
395
509
918
961
58
166
640
280
313
645
759
937
909
99
437
285
433
955
406
647
921
84
325
104
267
185
410
626
349
191
807
304
580
420
727
856
809
838
977
16
40
128
810
571
138
670
915
371
41
65
475
593
447
362
705
619
505
326
543
591
467
714
289
250
926
359
59
184
415
293
421
514
350
676
683
252
881
660
462
777
935
127
944
884
633
823
177
254
887
790
693
242
746
996
396
834
260
495
680
740
35
131
365
691
494
556
896
768
139
827
413
482
549
27
882
503
975
869
422
709
648
805
120
87
255
178
89
496
195
923
442
562
924
202
654
146
953
256
291
80
360
418
431
520
969
327
284
818
575
942
675
904
15
500
785
251
170
248
68
529
656
850
890
76
186
393
103
355
982
716
870
155
53
650
963
566
111
721
93
10
305
770
701
321
62
665
446
857
390
632
833
86
523
152
910
399
245
469
521
487
268
658
702
970
577
776
829
379
187
261
938
486
107
102
69
282
874
634
741
13
895
38
845
957
188
199
697
763
66
468
477
548
388
729
762
402
236
764
564
698
814
578
451
866
115
351
960
339
674
609
370
206
595
279
801
581
754
259
129
684
430
853
207
47
917
216
511
238
209
959
941
979
222
343
608
60
158
766
229
661
587
11
540
978
483
277
398
331
627
851
769
95
294
965
153
464
299
557
967
159
844
536
842
931
223
817
531
26
952
989
230
394
258
328
149
666
773
122
302
175
143
501
825
318
292
20
708
533
837
749
622
123
616
300
1000
601
423
317
863
316
463
617
263
295
181
386
368
802
913
85
568
30
309
569
642
828
589
930
75
669
460
537
858
208
688
840
855
224
711
797
867
738
879
699
687
225
830
161
692
712
142
637
995
968
432
113
492
445
322
269
588
555
892
794
663
873
628
171
646
653
345
319
478
502
748
312
758
567
621
67
831
344
535
452
639
109
320
217
821
933
760
789
820
765
662
659
358
783
541
862
234
205
298
816
927
164
380
126
226
553
951
985
644
689
512
471
493
361
397
808
4
221
210
750
690
134
133
240
329
373
574
246
466
753
560
679
375
307
880
565
538
411
132
470
800
618
733
119
839
42
28
781
381
439
347
897
290
409
314
163
481
281
847
730
25
114
681
31
274
865
888
484
986
956
412
479
352
150
983
756
330
864
310
677
946
377
725
907
585
124
939
70
903
338
198
348
144
649
271
434
604
998
563
655
336
732
603
414
710
306
