y1_y1
620.60614
586.78235
610.5002
601.53906
588.779
597.7706
607.39343
588.9697
595.2944
588.6715
596.1275
597.5526
587.2697
606.10223
605.00696
607.5985
602.12195
605.7246
602.9197
591.8024
589.01587
604.2031
600.96484
599.4617
598.57886
592.46356
593.3192
565.66895
616.74554
576.78705
577.2197
587.6052
591.66785
587.34863
597.05457
593.5353
588.16
582.4864
603.02325
599.46094
599.78864
588.2348
593.4731
607.8228
589.6347
606.95905
609.1124
621.3489
604.729
596.92596
595.7083
607.5914
601.9483
585.7329
597.0265
608.64764
589.92163
598.22504
605.883
599.7395
586.9301
603.78235
590.6726
597.8237
591.678
601.71893
608.77905
589.3263
598.20514
590.2319
604.1653
587.54706
613.87384
603.08563
586.71826
586.3312
578.2635
562.8387
602.1714
604.50964
609.1077
614.3533
592.60406
585.66656
596.3919
614.13367
586.1354
600.39636
607.588
602.46704
592.0423
588.35114
598.6317
591.6709
609.75604
593.45294
622.6692
589.3758
585.74347
594.99774
601.9333
598.79596
576.88
603.754
581.5938
572.0015
590.91565
606.51306
587.3435
596.42505
584.9003
585.35175
592.9521
587.57654
586.79504
592.707
601.5824
585.8344
598.91534
589.8546
577.2045
606.41364
593.51605
592.6047
576.08777
600.31
592.2836
597.41797
603.9221
601.1063
601.63385
592.61304
595.5023
601.8077
600.06354
624.6249
588.21277
573.53766
582.43756
601.8321
594.7507
627.7213
585.47595
593.7666
572.4005
592.99896
604.8877
619.85516
575.3014
614.5829
596.99005
603.0224
607.6992
585.72284
576.4403
581.1547
586.21265
604.1802
605.34155
594.9237
589.4221
597.08203
585.4013
602.0216
608.588
602.0395
601.96234
597.4102
592.4016
578.72217
562.71375
603.7301
595.9346
588.50214
604.5615
581.1658
601.6428
594.5994
588.3572
584.261
605.8475
590.20294
596.4527
587.9094
594.0729
593.03503
582.87585
584.06104
594.5348
607.41956
600.7286
586.33093
584.5128
603.4237
593.64087
588.7573
586.4271
588.5173
593.51917
591.62177
600.8813
604.24774
579.73627
585.4038
580.4395
595.1798
598.5731
595.2376
597.2243
577.7921
586.97375
603.0447
598.2416
599.7029
614.7664
589.96735
601.82983
599.21497
601.00073
586.0242
602.01306
578.05164
579.72766
604.6486
602.89166
595.4677
598.01086
615.33997
570.72656
610.4123
568.2902
590.9379
591.4545
596.1976
591.7946
616.8612
579.4238
601.92944
589.3295
589.2613
608.51886
596.575
573.20544
586.1142
625.6156
570.8091
604.7887
573.6044
605.7664
600.1004
611.10925
618.1798
580.99805
576.47784
615.88965
602.3603
607.1983
597.63446
595.6436
594.79004
630.3102
596.02686
584.38605
587.0364
594.38837
605.21796
580.74347
588.3487
600.3017
587.4421
578.00507
596.80774
607.32904
598.252
615.06934
592.3217
600.00726
608.34924
591.74915
593.1432
587.36707
577.6305
605.8237
595.5319
582.6487
590.3666
602.6449
584.54626
605.0704
585.30365
588.1191
591.06506
562.69006
588.7495
589.5654
607.2964
586.1535
612.87317
591.7532
576.7379
573.94275
583.49
583.5866
607.49976
598.19446
586.8111
590.83215
601.1095
584.47577
595.4506
588.92957
575.1555
587.5466
595.7538
594.7247
604.15485
603.3669
588.47644
571.2456
617.9731
615.0895
611.5424
598.59894
576.38086
591.69696
602.3725
595.6698
603.4335
580.36694
590.0001
583.51544
592.15173
584.3606
592.16125
594.69995
605.4159
602.3053
613.7295
621.0238
585.4772
581.59033
590.9298
594.3579
588.7037
566.1176
588.36646
621.1289
584.1732
602.30035
615.2049
607.8792
568.40283
576.7318
611.34564
609.3027
583.9556
602.45514
599.6477
584.88153
594.01605
587.2001
579.884
592.9949
571.3643
569.4857
587.6514
583.23663
607.3148
587.09216
591.4589
600.68427
602.5004
594.08826
592.72534
573.9551
588.33856
594.0096
598.4571
597.8736
592.9615
567.7474
567.921
593.1029
591.39386
589.7741
594.4296
597.2382
576.09485
587.1905
622.8388
584.3751
578.1547
595.8161
613.57526
584.1302
604.5296
604.3212
582.7163
563.3256
599.6979
600.9662
594.3438
575.86786
581.22675
597.33563
585.4819
605.7873
603.5359
600.49066
597.9239
589.76056
605.8427
595.5958
592.84076
575.3454
609.34753
601.0286
607.1526
589.61597
602.2077
601.8208
605.5439
600.0303
606.93744
569.4969
584.72144
582.4229
593.4272
593.8923
595.67926
607.25275
602.2363
580.7291
610.15936
618.034
594.0215
569.53485
602.8071
582.30457
589.64685
621.3995
600.9769
613.6956
591.2787
586.6751
597.0061
611.86334
581.8844
599.0309
582.14655
594.0605
585.5685
610.127
601.8538
598.89954
606.81866
593.5566
601.0578
584.0186
606.34454
598.3404
568.2013
597.48773
613.9889
614.61816
604.1525
570.91486
584.6731
601.63385
604.8314
588.59814
588.36426
600.84235
599.9942
584.8727
589.28186
593.52893
581.96564
590.4687
585.1213
574.1475
591.22296
591.5296
568.22955
601.2231
598.89655
590.0513
614.31647
607.2731
596.7146
602.6355
628.0604
588.76465
581.99
603.2692
600.6907
596.98267
609.0139
592.80743
609.7449
594.9046
602.06555
601.7724
612.53326
587.55316
572.17346
596.0794
581.05023
593.6888
593.197
570.7699
598.44037
597.11
601.0148
593.4304
595.35675
592.1033
591.5858
608.7605
588.7986
583.7885
597.59656
612.07794
595.6827
586.6536
587.3382
589.08594
586.0484
580.4962
602.07837
600.68805
612.92126
592.3695
601.71704
588.71234
583.61755
578.18445
585.16455
595.80286
604.3581
600.9706
579.50574
587.53394
581.8343
599.02496
577.7901
606.7558
579.73206
578.33716
598.8946
585.8437
615.36487
595.7697
610.77893
600.3707
614.46875
581.7266
576.6098
596.3333
592.7824
606.9918
584.2487
599.5625
593.691
587.3106
588.7043
596.80096
604.55005
609.23114
592.7947
587.5694
590.3488
587.1705
590.33923
596.37286
610.2208
610.21027
579.8625
584.165
586.45593
621.885
614.9908
592.5067
617.32477
588.69116
602.11597
600.53503
579.67523
584.56213
589.3715
589.5561
605.1628
600.5164
589.0406
566.26135
600.02905
578.1827
592.165
591.4025
588.3848
576.82715
583.35754
590.31213
598.36774
593.0337
578.7532
589.5733
593.5555
585.051
586.7518
575.2965
593.8692
606.4978
602.08594
579.536
585.7941
573.1895
579.34717
607.61035
613.58813
610.82166
587.19666
594.1827
585.10895
605.2799
596.23193
565.78156
601.19446
591.9188
574.29736
583.4812
610.8792
612.0735
610.0607
613.1802
616.48517
593.3866
596.20215
602.0712
581.11304
618.1117
598.0761
603.3498
601.7088
599.65533
596.71893
589.8688
593.30524
601.1938
591.57025
612.5371
590.50305
587.9983
573.9987
578.485
586.1071
603.832
588.73285
599.09607
579.2893
580.8962
587.33777
601.1991
589.91284
589.87354
581.2069
604.95734
587.2631
595.35504
598.88007
601.7488
581.6361
604.81494
589.93854
580.16064
577.0117
574.9507
581.1322
576.4881
597.11957
582.61365
595.0215
574.4102
614.0656
611.7178
606.51324
581.0967
601.5221
596.78296
595.1562
574.46594
616.07294
573.0033
598.01666
580.43884
621.54065
601.9514
595.692
601.7859
589.8711
599.3458
598.0286
590.0779
608.799
581.8535
608.52014
585.82465
592.3458
615.7358
610.5255
598.18036
584.305
581.0886
576.9688
575.95703
582.5322
600.8286
626.96106
592.02844
588.26227
617.6116
591.58527
591.0344
598.54315
593.8148
576.2055
590.36395
604.93463
600.1839
616.37726
585.8813
593.91425
593.73157
601.84717
587.4917
597.53436
587.6959
609.59503
581.11774
589.0161
587.1128
585.18787
607.56793
604.93665
607.42535
587.1021
582.54126
585.8901
601.11456
584.4441
588.13403
608.3456
586.2043
599.5012
612.4529
574.49347
597.51154
604.2933
576.76874
603.98944
598.8111
578.3995
622.5212
592.8963
583.3494
606.96277
612.04694
581.1623
593.1451
629.13416
609.05023
569.05975
589.1689
601.789
590.6449
616.31213
598.2639
619.5907
602.20703
598.91675
599.28314
570.1825
582.42017
616.19196
594.3105
590.04266
593.1288
612.0264
581.7592
597.46484
606.2975
600.9339
601.97894
608.76874
593.92035
598.4705
592.17975
584.5702
603.42883
581.39545
590.8291
563.9103
578.8565
601.1213
596.8916
597.44293
586.7585
578.32556
582.0391
576.92377
590.3404
595.0265
583.5357
594.5253
597.6916
574.488
590.63306
584.3075
583.5204
603.64795
595.44775
585.4763
598.7623
593.8864
595.1378
592.92334
603.18256
611.8951
583.21356
591.5929
592.48724
608.15375
632.4394
575.41943
580.5663
583.54944
587.2389
603.92206
589.22815
585.32544
592.78705
566.74347
586.13806
612.6695
603.7647
591.37537
621.6728
602.9887
598.2481
601.6923
595.9405
582.8564
592.4816
600.6011
602.46643
581.328
602.6075
597.2117
586.41156
587.92755
599.0017
608.9352
610.0813
596.57367
597.2847
582.3827
568.118
610.73975
588.3551
614.67993
600.8888
598.9549
599.5871
609.91583
604.52893
571.93665
616.9882
610.2811
595.50574
600.31396
597.0889
588.14307
602.78033
602.2911
609.38684
559.9467
586.17303
593.219
608.0351
606.3412
596.3054
591.0515
622.78723
581.0156
580.08386
579.2683
595.90204
613.69116
581.5444
573.0419
