y1_y1
2.0173247571928763
1.9324574883464098
2.034073108173751
1.9785545102042186
1.9228158977489853
1.8439747215176652
1.9567246474335867
1.940494827372943
2.0005590609061255
1.8537256134392923
1.9268805275912786
1.8409018890884354
1.8734206766811627
2.1827757431313155
1.8064716881918945
1.8360353710534032
2.062138151087079
2.0731605231675423
1.966499498469966
2.0630149286576116
1.912444505112963
1.9101123465007397
1.9201095941905217
1.849138131591386
1.9478905720246047
2.0182606411439434
1.9661879802192672
2.0039448940485243
1.9638902325627803
1.9149297043155873
2.0569381512609235
1.9759356295888795
1.9268395721970668
2.018134973060445
1.9495102724915343
1.9738990550965516
1.8955567188976825
1.9188325421960835
2.0438907008754192
1.8476205935344299
1.9283469238563324
2.1027893939983966
2.0359589986099973
2.0764442582938636
1.9698768043620924
1.9794482245492517
1.8835655273268104
2.0018384460735357
1.9426436928420767
1.8046035260971944
1.9765864760564686
2.20148463338503
1.9002112895888732
1.923011737524851
1.8389823889816688
2.0566912634853955
1.9272018750436921
1.9102630299239984
1.9217065705588503
1.9671703030004124
1.9391383545457257
2.0089793176718156
1.8729108596809432
1.960874167407025
1.9792259775855157
1.9266406938558425
1.7515649521981531
2.038504441977329
2.0722520094671624
1.992903062748611
1.9132838369208807
1.9769611928002542
1.8734428409979567
1.9805947542115645
1.8489750904419273
2.0022218398186653
2.048213395408292
1.9615147966800295
1.8798715320765003
1.9171000592111633
2.006046617398379
1.7723231302001323
2.0553433213815504
1.971170898115956
2.00148887256265
1.9552153994229962
2.001177134586104
1.9306449808597703
2.023004362954469
1.880443395233402
1.9192298547047815
2.003153560067235
1.9627815325889602
1.864105740694626
2.1251598996686845
1.886119469616618
2.011588378820247
1.9314966123832822
2.0503475424905258
1.9676672520924872
1.957936676033665
2.0409065679360574
2.0200544710147614
1.9543608375799015
1.9730928305924855
2.1195257153641647
2.1098704583969243
1.9518042863703586
2.114807321733047
2.051398660161572
2.021969560088161
2.019515425997854
1.9405254197181971
1.87348528466125
1.943834718689875
1.7633917359708051
2.0998396581197363
1.9569024040850043
1.8417155339441225
1.875156225936691
2.0335151761266523
1.9918691770202093
1.835147089818223
1.7660556577633448
1.8908597049617715
2.0403202935292493
1.8412602818870263
1.9667205095871987
1.9377892499412697
1.9334532310604107
1.867827337224381
1.9953010015619643
1.8893027994394516
1.9953469535890376
1.9262574389637919
1.9314947606682455
1.8370166235892091
1.9103847663764808
1.934844958166936
1.8939844999606874
2.038710275454731
1.8361112481024835
1.8712857497307618
1.8124163870129
1.8114927793246096
1.9397198354943441
1.837010807730198
1.8213648548407013
1.8628421887088362
1.8339841722400416
1.9493069712082929
2.1349686956332135
2.0421682214283643
1.9032382075536383
1.9861860063106467
1.9745929990208224
1.974735322268366
1.936319150105591
1.909759322393846
2.1411421468308944
1.893815094444071
2.1327207819038345
1.834441178260508
1.7998188919703255
2.0398746721814964
1.8299163252408521
1.9711601742624536
1.9519184541169852
1.824235710979407
1.839719703665925
2.0041627669136717
1.8506737661061965
1.8847248261758458
1.9509772850207736
1.9584030600700795
1.7859345144527285
1.970894233246611
1.9368813173498813
1.8963263826716352
1.8690100007621178
1.868903119820127
2.0474616409794875
1.9649093484833595
1.9339162538155126
2.0026071977525888
1.8805386757954452
1.9186058688211576
1.934389783351128
2.0475169393964094
1.9966600411613133
2.0099033133378352
2.0320052023548403
1.8532732109980428
1.8464847595426348
1.874371710596672
1.9605891493205552
1.964360773127028
1.9492339617651124
1.86962606833287
2.097682336614425
1.9924885633472227
1.9376717884196668
2.020822646417897
1.8987273575268047
1.9874049149463708
2.02855803403068
1.9256662123403563
2.0891104867666233
2.0792670573585417
1.8718705840733558
1.8974426941713989
1.8859443656485573
1.9095433271689344
2.0429262541187714
2.003319886255639
1.8919600153382972
1.9380466924515216
1.8691874349614266
1.9329479641480591
1.970392390656975
1.9768154901598447
1.8902141897514664
1.9161889028013723
1.9377112314529081
1.8413981249749007
1.9686230837563614
2.051221050886845
1.9602597748344974
2.114691917906648
2.0074142835413777
1.9975212140425154
1.9939139324737922
1.9051667828666283
1.745887506778234
1.9340600875310465
1.931961214468701
1.9171179531818492
1.8797030134027755
1.8066004895458907
1.9595911802427461
2.058953879038776
1.9085576261117942
1.8934689995615923
1.9956928287965396
1.8844969839381769
1.867580068053166
2.0643892239881394
1.8666600874416348
1.9581984957178629
1.9502219215768302
1.7678218140443804
2.0027802469863447
1.8888971783897346
1.9402138205089976
1.987762444952516
1.8053871787919777
1.9676947509904064
1.9264141861497672
2.0428378903548943
1.8428127410529687
2.1361152616136287
2.046863013900029
1.7939127445939995
1.9766496452297182
2.2267572937744795
2.00811808177276
1.9926722733774231
2.0017676190980733
1.971138416836145
1.9157729091560551
2.012231592499526
1.8839275497554473
1.845389126920819
1.9715751343108243
1.8992335802411795
1.9880343720212825
1.8707636676583277
1.9021491652698734
1.894371340890542
2.015149971166586
2.0535487143529165
1.9736639675025363
1.9662423908685782
2.0453459599032717
1.8093079175115991
1.9736641667221102
2.077168820610823
1.9026283605290493
1.9684244827238286
1.9459342895964857
2.0761202199650572
1.8210720706351755
1.9712662737601505
1.8218467261597366
1.8787367832328126
1.9183822972352271
1.8796772139918936
1.921465461369621
1.9182977482492738
1.9974890830904044
1.8504762236276393
2.031665863181692
2.016416601703618
1.877449345568738
1.9284785234436617
1.823775413087232
2.085709808666538
1.9225917362730816
1.8860920113639372
1.8829562621218852
1.995075734557052
2.0164323237258053
1.846062493542507
2.0324616895589185
1.8212242400821665
1.9109394241484061
1.9516042382328316
1.9536810332058527
1.9275689604273065
1.9312335051637557
1.9751337182483484
1.878941896226979
1.9211340889748856
1.83910613954121
1.955160816673744
1.8191976081015626
1.9358239845021057
1.8568924178233046
1.9737133578049013
1.925819025085242
1.9652948917927953
2.0486054451389037
1.9669576287341228
1.8985343011222422
2.0509521499659895
1.9932900544258707
1.9509844188743173
1.8906796744817236
1.8718085578371404
1.8733633885400642
1.875862842698703
1.9381040029470302
1.8688963550948599
2.023812568776217
1.9610974219346236
1.7536502152151496
1.8737583963136548
1.9352184122937064
1.9259924105957384
2.0972443810208925
2.042844307694807
1.9238599383461492
1.9787608970722954
1.9258188639921474
1.8091043986599888
1.957559661737982
1.927927358666653
1.8873780401486664
1.8657863374578316
1.9457620449677664
1.730596381339683
2.0178836056662166
1.9262968528508544
2.012326041191336
1.8761712931842964
1.8408576622323765
2.051581383805742
1.8986472727314434
1.9620567635678154
1.9892510088468052
1.922297656398192
1.9004704401425292
2.029682925870262
1.7861579778962038
2.0180188746847536
1.8343259294176695
1.9335976353266264
1.9521943615764434
1.8258538110604674
1.9194979585832077
1.8429950480647692
1.9049495142264508
2.020407348371172
2.144993696012395
1.8817388387709373
1.9119983855421132
1.956715766779013
1.9855766113772573
1.8732671423752836
1.9111082130695176
1.952369259480025
1.9000339695412503
1.872866530093826
1.876248321056022
1.9760023083494551
1.8807180782932766
1.9595659238385426
1.9901090938086492
2.044583200085276
1.9834129561386311
1.9806565472575932
1.8405372410495207
2.0412606499915262
1.9591291441088752
1.8713191062556849
2.089759773971061
2.1224528140191863
2.0427229954123107
2.0672584229648816
1.9202041137995614
2.0788845994487444
1.9640202946046232
2.018621793847319
1.9757074254155231
2.019978164685944
2.0486177372768797
1.9952847409913568
1.9525045123666736
1.9277022066715386
1.9585226924285857
1.9668987780557354
2.0065069554985957
2.04081180513796
1.8707226606260836
1.86613052697362
2.035028007214206
2.0798744449800117
1.918179246428223
1.91896583687749
1.9783711043797008
2.0494160196612987
1.883197783875824
2.021294288390351
2.039179910253024
1.8112789862144296
1.7870305381506058
1.8281418715195796
2.014275317822447
1.904797768055633
1.9405864658382936
1.7916605167074457
1.9317947879993558
1.9555302534592787
1.9680468069292052
1.9541824025685082
2.0916736308311568
1.9677387628178287
1.8235857774145556
1.8965884248762481
2.0106761489888934
1.808105677038573
1.6933828431374098
2.0151168799358445
1.9535177487189488
1.9217995936297074
1.8938660696576675
1.8756959379231002
1.960063014402173
2.0630965777191284
1.8889491914737977
1.9335991830859383
1.9408381726071535
1.8650967567163776
1.84040308781163
1.8996809169792415
1.927257974097645
1.7839669841089854
1.8827942683893424
1.8551152280566896
1.9896175310138222
1.9849103835856454
1.9743115195036667
1.9111836677898988
1.9702826922293046
1.8179760001198435
2.0231524197447235
1.9968490389170483
1.9554313113564188
1.9589297691558665
1.8628057774985656
2.0183006337812524
1.970600913596059
1.9098284325370292
2.007492055763547
1.9278931134964665
1.8633845413727703
1.9555229575406037
2.0238894233374047
1.9940271359690833
2.049967688673188
1.8347591226688271
2.007453860364686
1.974292878309532
1.8789883993918957
1.9353918739556324
1.7380427704402694
1.8982585993937027
2.0221342893899394
2.1034194241484547
1.9009399910225526
1.9102484011932066
1.8822282368392016
1.954988475181464
1.9964727285277357
1.9687955445936622
1.9886722811482982
1.9528284084092755
1.9241727306134975
2.061563874630335
2.002285220508052
2.0262862776877983
1.9173089543443242
2.006218408378455
1.8856243547790537
1.9594747286124272
1.9108799470975446
1.9360086056603911
1.9726107495191318
2.066669529010422
1.9058084725796742
1.9320368366901064
1.9140525856424693
1.8678565033683405
1.909077088831117
2.090900707160082
2.1252774692297174
1.9738026438317415
1.9205655966192319
2.005508360266405
1.9029158365268821
1.8716851932758303
1.9225763652858285
1.9712533726935835
1.9934819092366733
1.9965372711968599
2.0746466360655598
1.8532240945987632
2.090159905910472
1.7230814936377215
1.8382370527914553
1.9352222099547776
2.012068278732237
2.0195860923949547
2.008530531965508
2.0199094216964086
1.9918111065788457
1.8934267192418102
1.9491526146364684
1.8553359609152082
1.9411605878018705
2.1554713827780083
2.0847593942707703
1.9020178193272586
2.013508287723005
2.0069097253670862
1.8817047724713918
1.9987387185599668
1.9392518837804316
2.0525073305908323
1.8960583009752612
1.8704480206358738
1.944516238108075
1.840808892967654
2.070654278518363
1.9504334002377814
1.9534816373808817
2.073213270644084
1.869933176673239
1.8591426048820245
1.8300619535390428
1.9654864009426178
1.8253221657098335
1.9851133439824236
1.9182452399835237
1.9037330511942443
1.975395502170027
1.8554931979858682
2.0040186946518634
1.8851302934719891
1.9244378260115802
1.875790866748281
1.876990986673126
1.981024436268676
1.904656585845096
2.0221515766730636
2.003339035737753
1.9321312352631963
2.1330389460454287
2.0013832411274133
1.9745458666359563
1.9624257066282358
1.9740079544747087
1.7827295270148142
1.929629650046387
1.9549765469917364
1.895735624354176
1.9465533992972157
1.9325163475953355
2.014541585694736
2.0595299919132186
1.9001775523589963
1.9731004592637646
1.8963737145706643
1.9130001947410258
1.9783376774902977
1.9018909512527655
1.829634767506851
1.9778493142027038
2.094366540494332
1.973964962761209
2.036047077445614
1.9011879531623224
2.1075110146596407
1.917968317145571
1.9353602024753485
1.9261148317033323
1.9239248470398949
2.0523939110276053
1.7904478119107265
1.9307971334994107
1.9321388143228009
1.9511512997673024
1.9668719083216961
1.9478331603179408
1.9418631363325591
1.8802533659803882
1.8491566479811377
2.0127399623084137
1.9285578458923063
1.988049449287687
1.8333716276591705
1.8556600007712396
1.8828031242689796
1.8926961581039479
1.8654807076610067
1.8599326431865153
1.9122357090254165
1.8420115452733477
1.804400488869381
2.025293580797765
1.9212864997008121
2.053761531641495
1.8727306690285552
2.02593984830222
1.897612523054286
1.866326135765364
2.1169947766230037
1.8838142493153067
1.8988464042893856
1.8391612336239533
2.068313031012051
1.8085433866708525
1.9557262710889907
1.874053881513011
2.0179838769711513
1.9452210648029977
1.917165053275455
1.9708447115932346
1.9544225604137142
1.8125874395322465
1.9652577211092053
1.8487144164104885
1.9675731397311607
1.9734532678600991
2.1333261767145406
1.953516507671463
2.108470317592363
2.0956722891466213
1.9687554090730706
1.9431393188337716
1.9159648333907289
2.010550991940078
1.9783050413232974
1.9259888925139295
1.9262670450044614
1.9734099232218092
1.931060825543519
1.9753963809918755
1.8507695406234939
2.028497636069122
1.8628279098893408
2.0924426881076847
1.8883779193130872
1.8649284863673434
2.011384130046051
1.882584015233618
1.9458585194558835
1.9780786664530732
1.9520985832826898
1.9309035145276194
2.02555204335512
2.004147050236684
1.8632887024212457
1.9634212037446226
1.999731301343815
1.9150611179734762
1.9646760662782297
1.8743220160420497
2.076109322378314
2.0186586993520623
1.8875797078038552
2.2080969938928217
1.9553888549601646
1.853116199842427
1.9223569004364074
2.030410565572791
1.8805203181617705
1.8495433150286782
1.8608865835761743
1.9392882354581502
1.9646208695793794
1.9674919623907583
1.8683938444723382
1.8968596987988233
2.0096061397653413
2.00038035855177
1.8740303103978737
1.984349469714825
1.9638219272102087
1.9685758030339315
2.181646831657692
1.851719107445316
1.9782367531909184
1.940612699482039
1.9413003859796436
1.9234596390370322
1.946101325289423
1.9437719389084225
2.0899256781778273
1.9650537109915942
2.068036061663847
1.9335657840361393
1.8974107947575867
2.0351984235459444
1.9068802083472094
1.9308124820157682
2.0216788745811622
1.814499854975067
1.9980717984297667
1.7906697771670537
1.9229240282000895
1.9190046036804864
2.055102224349609
2.0503789035781432
1.9690382266670883
1.8542929519678844
1.892527846931638
2.0658001509512465
1.9097765651534715
1.945853410461239
1.9140082597900145
2.055797293232038
1.9071502565581595
1.9088244469498787
2.0890693337143396
2.086631664173322
2.0104429693352768
1.8818236220497426
1.7565267263449074
1.94896597068613
1.9791439730900975
1.8848441103738405
1.9876037247881237
1.9735509311997548
1.9242878421748113
2.002588850304695
2.0444721589264443
1.9505711098623537
1.9434222141597375
2.0218731517238826
1.875902480513867
1.84772658549322
1.9928529053742805
2.000791039433564
1.9408404790204388
1.8708727892259638
1.874592996514229
1.9247304844963657
1.8839687348297012
1.9778976911949255
1.8510884103008927
1.9926035454021827
1.9671088186144758
1.9386121127034128
2.0143956086440333
1.9642069407790614
1.9792864747144294
1.943921159902298
1.881190974850621
1.937937925993113
1.8498229090210079
1.9458638943784816
1.8279575472449754
1.9094939986893156
1.9666290284748273
1.9046841826225038
1.825796678538008
1.925805411908361
1.97796998681167
1.9987595616415015
1.9899815871173137
1.8031988309823175
1.9268669287410138
1.98943355919419
1.804546419971688
2.020817740933741
1.9505719654497038
1.94602121236207
1.9120620718745802
1.9385275304025709
1.9447682210553725
1.939162417188073
1.8759179928943823
1.9285900140434131
2.008771385775919
1.9334722005710496
2.0166123491411465
1.874525638581993
1.9937525072462305
1.9961690636365956
1.927395497153008
1.9627816376939027
1.9001297260859304
1.7404634360679068
1.9519476737518229
1.7861426550499417
1.954608573513695
1.96424970419598
1.9742095235957646
1.9241237948555165
1.9114938001635855
1.9580551173992067
1.9220610751388036
1.8640333865352943
1.983788232873951
2.0173037755466847
1.9369973656587283
1.972283489802672
2.0166679212077065
1.8412496691374542
2.10785926512687
2.0013328104046075
1.927444475668482
1.8977362063299121
1.8544922047111387
1.850738799534054
1.774353489368343
1.8197858805963563
2.0335969062056996
1.8127106454618942
2.098781806470944
1.9437652612346346
1.9191322151820132
2.0122535646490936
1.8833990352156678
1.970703280824403
1.8468105836942428
1.8625690794253147
1.97271733345644
1.8918998250376267
1.9848302181411148
1.9459314393183884
1.943363179209776
1.9954777312848622
2.0006505561075203
1.9778695998692788
2.0051914412430234
1.8310682375988914
1.9783438031577416
1.8975687590069066
1.9453173395361198
1.9453645872082335
1.9335060575767753
1.7851398228673725
1.8347673034544778
2.005824718121244
1.9406493886021396
1.9065891994745685
1.9890886986794478
1.974017097246377
1.9375835972821098
1.7971631252535987
1.9357220755386173
2.003195134666142
1.8634765196036245
1.8859061058216509
1.893690163530046
1.914826740229187
1.91806534884229
1.989288596885413
1.9336854649248125
1.9129871847380597
1.911128514274975
1.9526574773401308
2.112805263875892
1.9199774043380604
1.9179121233122727
1.8903701327125735
1.8939780653505531
1.969841766897412
