297.58307
337.78857
328.01373
339.8366
314.47168
303.012
287.33875
288.80878
333.99454
280.00137
327.91458
277.5022
313.80542
313.7028
261.25256
297.61874
328.43716
332.0546
315.58127
324.68478
325.771
309.68387
274.73
321.29617
290.7046
328.28537
295.80304
298.93472
297.73395
306.14053
320.3139
274.6451
326.48923
329.22308
298.83585
344.44528
276.42755
350.817
326.20663
295.00027
291.37918
340.97015
272.11566
304.69647
341.47156
316.7136
289.61508
337.4379
326.3272
257.85034
338.34277
344.57938
295.6854
298.33224
293.4211
279.13794
271.3074
295.17212
279.17087
302.3513
345.43073
321.97903
313.82758
355.7601
326.66568
291.4086
289.96924
322.2132
328.43668
338.81082
308.29288
268.8655
305.85193
316.00803
285.92526
310.64212
300.1167
290.67416
279.93576
301.59473
347.54874
319.51047
307.65405
302.8597
336.7492
308.34637
304.89032
302.84534
299.37152
287.42014
275.11917
326.22757
309.5372
279.51816
344.71854
302.57697
347.34503
308.25427
347.06042
309.9189
325.8848
340.32703
329.4653
324.99023
288.67142
351.62564
325.83594
288.3212
350.97824
326.07852
354.23648
290.92554
301.9983
312.03772
332.68906
257.50305
327.36462
312.5488
290.10434
317.66714
323.33084
304.1828
300.3876
294.74844
268.06918
344.78253
272.91916
301.26065
321.49594
315.43198
278.63818
318.90433
268.90515
310.23108
315.1779
294.45584
272.65735
330.78555
330.88217
290.07385
373.42322
297.4624
292.75986
275.1962
290.34784
311.6271
245.73709
248.8935
277.1737
320.2223
296.17404
333.18713
311.4074
325.47922
326.8507
290.66956
305.8041
339.87646
286.4658
357.1165
306.09354
330.19327
307.81415
257.18594
308.03522
334.63556
313.4192
271.51993
287.56265
302.2189
293.39853
272.06012
304.9106
335.4207
308.85022
295.33456
317.54965
275.4058
310.371
330.81848
322.45477
308.00845
294.7084
304.6089
304.61884
265.40143
297.99683
312.27805
355.2532
347.52795
281.10168
319.31424
270.23495
308.90158
283.97034
291.58792
275.7008
280.5234
317.19492
315.54337
318.09625
267.1246
302.55875
280.92062
327.24127
297.5936
329.57355
319.16028
323.3425
298.39493
281.72244
275.93332
330.61966
311.26016
323.18243
284.119
295.4683
344.649
294.85245
308.30542
289.71625
321.854
287.96936
306.71808
276.07172
334.61258
360.0608
267.62057
353.179
293.21417
276.11792
293.88754
273.54453
256.45053
306.75552
271.6746
292.04318
298.31827
286.94217
316.9522
320.0751
293.77908
311.10883
305.4904
265.27942
308.9567
348.26508
332.82443
293.17972
328.0055
289.20123
324.8319
286.48944
332.72388
298.86987
270.2745
312.2581
306.88007
324.8094
309.966
355.19437
376.1638
266.05484
285.89786
369.58072
292.37756
322.842
330.01392
338.53708
318.29755
285.78073
277.7801
292.7173
325.97418
266.3923
327.13885
297.88574
284.56567
319.01553
265.08597
319.95163
351.48737
324.84952
317.82
303.8198
336.99332
351.18024
258.89667
289.8363
322.26425
338.6016
281.98428
298.46533
292.07553
302.08615
287.28885
305.95883
280.7432
290.7965
322.48282
300.4761
297.32156
348.06238
282.8614
284.93112
334.3049
308.22794
298.975
322.1431
292.44794
327.53488
329.80786
295.4566
335.78732
306.64893
269.09216
276.3636
310.12097
286.24847
296.9707
327.2474
298.30862
299.77798
304.73215
289.0646
276.55505
282.1898
289.04874
298.09937
294.24747
289.26755
297.82816
290.37817
296.3372
319.5006
313.10742
324.06558
332.60535
299.6343
272.4451
286.6361
325.53995
252.02484
329.80862
322.0359
273.08807
323.34094
332.34515
286.62973
317.08173
329.5531
292.55487
282.22424
316.7056
273.52194
323.72668
298.99826
317.09985
297.62036
311.29465
276.45944
311.55142
275.374
318.6909
312.11435
248.46307
325.5333
295.55698
331.6399
352.08044
304.82324
315.63293
299.6943
295.0416
320.75476
313.46402
277.05832
290.36053
315.24188
297.89304
311.52814
279.80606
313.03918
372.97067
288.52222
298.06808
312.87967
287.03207
330.93323
297.69577
330.249
284.52936
322.74033
279.1516
316.66415
296.6628
348.2369
268.18704
304.78424
310.8173
314.04712
294.7009
339.8627
308.73502
346.66025
370.116
305.66486
312.34482
280.48087
297.6899
316.6049
337.26996
319.84973
309.84662
344.3691
315.4519
311.718
291.94846
337.04324
307.17123
296.68057
312.22513
318.64297
313.42557
287.98053
325.95032
353.71143
314.47195
318.7829
353.22183
304.76944
271.74902
331.39893
299.35977
255.51456
272.03705
304.6145
313.52347
318.15463
304.9745
274.7249
299.5188
310.57266
291.48987
272.26645
319.77545
308.68582
305.11728
332.65094
329.0801
293.65424
239.97673
370.11493
329.03613
268.41962
314.22546
320.12177
281.10284
321.89172
314.1274
311.55817
342.75003
276.92694
285.741
276.04187
266.80698
284.57483
306.95743
301.22452
295.74823
322.6188
301.99008
299.7466
291.27173
291.7282
322.3499
316.73505
308.49332
323.96918
298.75638
311.5955
304.7416
294.6336
367.62482
319.6336
287.86407
304.5981
337.2759
317.43884
303.7751
278.7253
328.86676
321.80154
281.2157
277.61206
278.4657
272.37363
304.92014
338.40317
336.43286
312.76706
308.67993
324.55313
282.64008
348.30893
297.9737
307.51218
360.3604
358.93948
308.84915
323.62256
274.89877
315.66086
294.2795
310.429
291.8294
264.76096
299.17163
348.2489
274.0711
291.0001
305.6015
324.48764
309.7566
342.21927
350.07483
307.7257
308.7336
364.8492
274.37943
286.31323
295.9964
325.10257
346.88293
311.32413
294.61462
291.30792
278.83954
284.73737
279.23828
299.74835
361.69305
355.90433
303.4491
313.5703
359.3502
295.70517
288.84467
287.81552
352.79874
336.20068
289.91818
288.23615
324.1335
312.99408
289.16962
328.79294
265.8976
320.5204
320.28104
307.25995
269.3605
287.65927
300.02094
328.42883
313.6806
328.09027
270.84967
291.88858
273.24582
312.7645
260.29672
305.69028
295.37744
297.9701
309.61902
286.17035
300.32614
366.85358
281.49307
276.75516
326.9619
367.5148
328.43622
315.2842
316.36954
289.19772
392.05127
305.8967
283.13873
327.78223
310.25546
268.21088
289.86005
312.85312
317.64886
316.68948
288.85754
309.6869
324.7056
298.7726
306.54367
315.17944
302.35556
286.62796
287.11856
277.8995
305.17087
281.6722
304.87805
279.98273
255.3082
327.30573
289.10077
287.501
298.84842
315.6562
384.4735
296.9446
359.3761
274.07547
269.34476
306.24002
337.16177
324.10013
296.01608
305.46915
328.98352
327.12573
361.10123
281.42953
318.1197
291.53967
298.8673
307.99533
310.1778
337.16406
302.92792
307.30823
328.26102
301.29123
283.05954
289.54813
294.30908
295.6328
264.12347
363.48965
315.0464
330.35117
303.97858
360.0035
318.49826
316.61664
296.415
313.86847
291.94266
256.80215
305.13455
323.88348
311.27374
338.715
309.73148
285.8538
296.81934
373.6695
283.15198
354.87173
331.12488
271.92413
301.54633
335.88278
342.61218
335.1773
284.20544
291.50778
335.57193
277.37732
280.37448
285.8687
307.97284
264.1102
351.46735
298.6717
285.53992
277.29922
299.07703
293.2849
310.71973
306.5105
308.65344
293.20917
300.90314
298.87814
290.79474
338.912
296.1839
271.90762
324.32422
343.70526
310.48624
317.13412
344.0896
314.01077
277.14987
306.1746
339.64523
292.39758
294.11502
262.46405
312.01102
316.74683
336.377
318.22055
304.47156
315.75803
322.38217
339.2802
336.70294
344.50064
297.67117
371.29575
304.03784
292.46088
284.84204
337.33194
254.40161
301.1781
300.14682
343.56534
329.8047
303.77725
385.97113
307.7169
315.36813
312.89487
305.61682
319.4613
287.46487
320.87357
258.0963
300.428
264.1813
323.2287
363.45215
297.46582
312.34384
330.99826
347.1059
331.324
316.57544
304.0182
321.1606
302.6284
302.08994
316.2145
336.4645
321.5625
301.25482
240.76799
274.4038
328.5531
280.18146
336.84863
287.92822
298.84323
325.89526
329.03098
278.26236
350.05396
296.82318
290.0624
290.18845
319.56146
307.64948
319.93103
316.879
346.4535
269.36465
314.49036
306.51788
288.98734
307.02054
293.9253
298.92642
321.16266
286.06226
297.77206
298.81012
275.2652
298.0252
282.22073
319.51584
271.9414
289.09494
291.86536
286.9389
297.45505
295.37067
296.74594
331.10355
303.70792
280.71988
329.96844
300.0202
273.99762
284.53748
304.68686
298.75394
287.9803
308.2771
341.44165
352.0122
295.0869
298.305
310.15558
324.59882
341.001
301.84958
317.62405
298.52267
332.0158
307.03226
302.93762
284.13818
314.37457
243.05566
288.15976
338.0205
331.56607
298.30423
320.65732
296.36844
296.37827
257.92358
313.18582
322.1242
329.15125
311.99887
298.8377
290.19266
345.30502
313.03616
339.73346
293.2303
309.2133
307.35815
288.12628
284.46393
303.47372
266.71002
324.3496
312.92575
308.48734
323.86456
289.5134
302.9078
278.35693
305.8615
338.30826
299.45386
285.2807
317.73334
315.5852
355.92395
324.52243
317.1759
286.24435
273.34995
272.5613
301.26523
287.9788
302.03693
313.31183
279.29095
320.73917
311.58942
341.6525
306.4137
313.9928
303.7924
311.68228
273.64957
303.60715
319.19635
311.20435
327.1034
308.05612
317.78638
297.85214
292.53122
273.50613
311.71014
287.63666
343.72812
311.82065
288.1541
312.24084
281.51773
342.18106
305.89224
