y1
0.003240039720534154
0.003282501931756589
0.0033207499622099467
0.0032783707624076956
0.003255137995211471
0.003075266525128179
0.0032111662302958008
0.003283908040732022
0.003349365539536437
0.003139113293464769
0.0032219152345735187
0.003071274288919477
0.0031799075051242498
0.0035884095589657308
0.002976980402521552
0.0030126867319271457
0.0034130957725106237
0.0034109380222222376
0.0032510240314401855
0.003473876025380229
0.0032363392664570734
0.003151411698023637
0.0031848689928977545
0.0030751786045178937
0.0032436366548728524
0.003394991342439198
0.003302933305801563
0.0035301049752779036
0.003174172111376412
0.003309008396320815
0.0035508734885381964
0.0033514226078526837
0.003246052595860732
0.0034242429050474355
0.003254585989596535
0.0033146408654794
0.0032125056422001807
0.0032833939036454704
0.0033779568390763302
0.003072666385112433
0.003204740735216028
0.0035620116756521795
0.0034188548843540095
0.003404569241514639
0.003329718643692345
0.0032506537938406265
0.0030827788579794626
0.003211415975983188
0.0032021336426881074
0.003014049428747658
0.003307071130336306
0.00361021717128568
0.0031468344194301064
0.003272342991674057
0.0030707771211533215
0.0033677364717794884
0.003256240053967444
0.003183053939727971
0.0031617171826392038
0.0032693177485043027
0.003292986251761936
0.0033162893309625326
0.0031607881620851356
0.0032692972648014794
0.0033339542796842303
0.0031916753430819215
0.0028689223790859092
0.0034471183397059343
0.0034521573525023793
0.0033651126139694577
0.0031568247764723594
0.0033534870982076356
0.0030425515340382044
0.0032733520159849124
0.003141484905727683
0.0034032095485165732
0.0035295055877162663
0.003472935740062049
0.0031121059784232773
0.0031613052679479907
0.003282607435530679
0.002876561444114054
0.00345633701043416
0.0033543980889856645
0.0033447709938702066
0.003173593056626826
0.003402572283596719
0.003205310333933777
0.0033185167366506256
0.003111526801615683
0.0032312359753233935
0.0033931379817559834
0.003268064472156817
0.0031406837466572955
0.003473157683880616
0.0031681433186910367
0.003220186133791065
0.003266485370333487
0.003488208762929603
0.0032961160271398086
0.003242200903353574
0.0033967732063201568
0.0034894701397501357
0.0032265705289256786
0.0033810910411848877
0.0036917749479460425
0.003557807189900848
0.0032077518293068506
0.0035877131163358175
0.003427701572502938
0.0034450378917561626
0.003438226484645228
0.003261975990108028
0.003178361541065464
0.0033016924635602936
0.0029663240572398884
0.0034783856953299907
0.0033292468898258984
0.0030656577463149606
0.003168940147127833
0.0035106726798150257
0.003273917087392739
0.0030824613973487393
0.0029713032048843176
0.0032715045375558897
0.00338726523927916
0.0030991131845416625
0.0032812324786218104
0.003198411420040816
0.0032061786079316487
0.003094982842737706
0.0033556559396745256
0.0031625867009753787
0.003304632256532023
0.003199817430205132
0.0030827150514400573
0.0031133247901008487
0.0033198214645013984
0.0033109793315412683
0.0031371586764088206
0.0034161302766086924
0.0029165111489321267
0.0031859956580832637
0.003043116584685557
0.0031547455679322664
0.0032603693345306874
0.0030277501298359376
0.0029297629419003236
0.0032275773162093613
0.002975233582582903
0.003254598223322606
0.0035279562084478775
0.0033492366847062286
0.003238859336274976
0.0034337742620818975
0.003386200866683728
0.00335732350497367
0.0031946319994556236
0.0031449241598597195
0.003586113222509168
0.003202712771293615
0.0035591927179227435
0.003123858155092434
0.002980713860832252
0.0033406182625816423
0.0030303179906827162
0.0032638695641533455
0.003256659601476867
0.0030699366580386376
0.003168860620599321
0.0035489626571661554
0.0030560312323612985
0.003152666435329169
0.003304203569026642
0.003228917920931532
0.003063606292038744
0.003265158129073588
0.0032468791802212123
0.0032127321048408307
0.0031887294840194213
0.0030752883957288163
0.003457087793873869
0.003283508581904346
0.0032786947353628756
0.003359653691992144
0.003161017733607498
0.003280820867620314
0.0033010322282814868
0.003432077880027274
0.003276348724739387
0.0033346192090244883
0.003453659419618439
0.0031606077512450295
0.003050678502866101
0.003147478993010271
0.0033189938970056786
0.0033385268547966884
0.003301176169944844
0.003140176799189405
0.003533120475573848
0.0033049846342008294
0.003196500188401812
0.00347365366416769
0.003232962981253541
0.0034122820389249544
0.003396734111693862
0.0032067778589707817
0.0034974335076494723
0.003469472162495014
0.003229233888981292
0.0032221692994644107
0.003117620925026873
0.003181770827413708
0.003394998735293988
0.003248083947239017
0.0031966381122972656
0.003209920160507648
0.0031096934178659057
0.0032059047736568737
0.0033510384567292445
0.0032729281820651135
0.0032593167573150635
0.0032944367978515452
0.0031944525119531613
0.003044976774999709
0.0032951177670748873
0.003418348036156297
0.0031755371107220734
0.0036915845386441223
0.0032778407705859715
0.0035026549969257564
0.0033628046159749152
0.0032108125931397478
0.0029198203986040023
0.0032574813431585437
0.0031221437414940888
0.0032977514591308777
0.003113074759954514
0.003056149675187137
0.0033144823493821488
0.003372140016714903
0.003188989175833013
0.003292423191307592
0.0033934012402564145
0.0030031819775587004
0.0032611422669243054
0.003401794063950168
0.0032437081789814465
0.003222180640857788
0.003239298891808255
0.002884463927425539
0.0032293396813611757
0.0032405892732034164
0.003354345172106979
0.0032170822398468876
0.0029882319459896764
0.0032301454078786773
0.003213041857211486
0.003417908968834664
0.003088688018908708
0.003377544109871205
0.0034224259495853563
0.003060344717795989
0.00335586745278825
0.0037323178783523953
0.003307035329491991
0.00341951036056952
0.003390812322098614
0.003272833011305626
0.003250610655956527
0.003469261349853465
0.0031467408921878
0.003029327951221073
0.0032847345047339986
0.0030783311728922133
0.0033451148491919357
0.0031082106077959006
0.0031169927495115764
0.003191092443739
0.0033859056338224696
0.0034840123760094314
0.0034051929117798444
0.0032350688209242993
0.003422730534889772
0.00309570225719641
0.0033319771797709176
0.003434914874833968
0.003244320832062614
0.0032426666782274594
0.0033136409832866987
0.0035176840147701804
0.003071537621561073
0.003491059454402144
0.003084888388351607
0.0031765243276362255
0.0031489425319314456
0.0031965495756069414
0.003125377734020017
0.0032312446194452007
0.003451472069728081
0.0032137860302778394
0.003469838975252499
0.003443316571019805
0.003080931366537284
0.003213472450478854
0.003098313574450674
0.003517704455149512
0.003188208010751028
0.003216600765903447
0.0031522692326108755
0.0033761931650478096
0.003493642274314792
0.003132143824538399
0.0033999806847404084
0.003052949079718285
0.003153023103271781
0.003224094888156835
0.00330891152430582
0.0033629783221222295
0.003115373537816221
0.0032008539822497356
0.003063052600831618
0.0031991171957491773
0.0031806340998700084
0.0032934453472592607
0.003010960962645555
0.0032393001461863483
0.0030677713176417982
0.003389276251002782
0.0032534796861941676
0.003356719988056662
0.0034476679180726623
0.0033547078208361674
0.0031958640118198807
0.003436864759733536
0.003281626468967935
0.0032287366736903
0.0030711788874026734
0.0030050116279025413
0.0031895150731151346
0.0032150326088797006
0.0032690316992632163
0.0031345392972687465
0.00342596647981877
0.0034521579139099355
0.002971683559812685
0.0030076250113270555
0.003301809516491002
0.0031875346416531444
0.0033974357889922074
0.003349353066496565
0.0033732595114954033
0.003419258246477073
0.0031402388446331335
0.0029603494230708628
0.0033410404558676934
0.003189909621014522
0.00313760259894529
0.003179880475094634
0.00326491060049273
0.0029385400873178564
0.0034677387357417043
0.003237902684107765
0.0035096058744796574
0.003283682949608723
0.0031227849902548933
0.0035052497766614745
0.003116554995576039
0.003330859363114472
0.0033520214482587437
0.0031899713263795685
0.0031443871897244005
0.003404834497484285
0.003004412830656571
0.003503668635213804
0.0031081162264448587
0.003244600659452424
0.003251439318134782
0.003044614783376835
0.0032266924102629497
0.003235649939673912
0.0033430373735910523
0.0033949390076323705
0.003613906121140077
0.003180461827606252
0.003206213193690459
0.003265574605655588
0.003434775724395996
0.0031800753608822313
0.003058997158904322
0.0033298272524319907
0.003275611385027834
0.003133513636031706
0.00304857215690126
0.0033714066513260885
0.003101395236632789
0.003232109516562266
0.0034036039858759953
0.003616361773683525
0.0032964511156013004
0.0032849604737467094
0.0030871948355759575
0.0035321481890231016
0.0033593563029113717
0.0031229929856259565
0.0035566042657216974
0.0034913946197572677
0.003373175597777897
0.00343080449894962
0.0032011719967417964
0.0035125820383265496
0.0032313236904927163
0.0033777995227815085
0.00332154124173368
0.0034986132668396023
0.003350720692064658
0.0033087987178364786
0.0032055297792106976
0.0032587656798334893
0.00324169510032043
0.003257599946953774
0.003302618160490339
0.0033896525761829294
0.0030727621253161287
0.0032661031061733637
0.003468266876665791
0.0035583653167906904
0.003221960497949648
0.00322076139548355
0.0033102080532017835
0.0033635462754807656
0.003117260249190955
0.0034685419659952386
0.0033309127154220724
0.0029221469576483135
0.0029993370242637376
0.0031996154705336262
0.0033303638127796884
0.0032604711393694266
0.003280303712177129
0.0028749775378964014
0.003204124791541123
0.003176360931083712
0.003317417014470505
0.003319886434883565
0.0034913727118033085
0.0032056681774053726
0.003124140535470582
0.003156102046539546
0.003442011970034877
0.003034403394942734
0.0028835225750427035
0.003291910126349178
0.0032353329017361706
0.0031986207535491303
0.0031112651282655833
0.0031501415274483736
0.0032504228044784927
0.0035201517713655626
0.003105631660052978
0.0032211943346735494
0.003404130414634468
0.0031118510957759845
0.0029884955192655037
0.003081307268636275
0.0031798750302150444
0.0031150177242329252
0.0032099145206448765
0.00307398367599887
0.0032787550282753325
0.003360933516576897
0.003344371555695056
0.0031707548328026433
0.003273087936988515
0.0030986960154718132
0.0034215039210688998
0.003353085805811771
0.0033487938983226503
0.0033066145250655967
0.00317352008787494
0.003502985693686132
0.003322020060070444
0.003218236494635344
0.003520451840836443
0.0031963690489791915
0.0031017124286620004
0.0033032103387185896
0.0032837204335373904
0.0032728291764378644
0.003423662321776585
0.003035317455088957
0.0031860914170358154
0.0033420733597009874
0.003218167890660441
0.0031979132619926014
0.0028850596303801905
0.0031696761766355623
0.003309353496214401
0.0035356884342447204
0.003107909758396025
0.003200738721140324
0.0031165413619963465
0.0032381974262180773
0.0032487813179484545
0.003339647524002782
0.0034636075120763094
0.003265423322758294
0.0033006127116709683
0.003460449313729538
0.003364058388429613
0.003537534528359254
0.0031936111186045488
0.00334862985809398
0.003127588521830063
0.0032910782433798282
0.0031993696790576227
0.0032590582315818587
0.0033233640742277373
0.00338339490892679
0.003226331980794527
0.0032985641986151906
0.0031926917606927684
0.0030423801388372376
0.0031946175158257227
0.0035514567255033476
0.0036054438749866494
0.003339430026737104
0.003266440417989606
0.0034429226163881464
0.0031506205305663866
0.003106223476414114
0.003126934413323523
0.003316705675716428
0.0033020492993539948
0.003379900562857674
0.003542213187808205
0.0031950064331730662
0.003559205005720136
0.002883693216032022
0.0030324120435333726
0.0032098251492618693
0.0034600286687930183
0.0034256195888363776
0.0034401905151130287
0.003360663260106564
0.0034354488611791243
0.003110866885697592
0.0033508949350527714
0.0031977938004669215
0.0032307674410519197
0.003665772892436965
0.003376404003213709
0.0031823787489601253
0.003285791664086488
0.003331647128338033
0.0030529786388590104
0.0034241080614400565
0.003351923004518651
0.0034300734758338316
0.003188375572855413
0.0030720379877644684
0.0033171932456150673
0.003060855944334794
0.003475642207957953
0.0033099649620487773
0.00330729865722446
0.003461851166904755
0.0030835612812284328
0.0030423370447671843
0.003077675433584452
0.0033339611554369275
0.0030824077721744443
0.0033694212464232087
0.0032388704392446025
0.0031820282814183035
0.0032267358656991297
0.0030315258936781234
0.003444121069536934
0.0032166708387331797
0.003270737643001231
0.0030072278746060836
0.0030427768538446648
0.003332321776597287
0.003075849612467493
0.0034232368389580524
0.0033161314601206126
0.003207031596373283
0.0036662231405209748
0.003412048623924907
0.0033390699241672836
0.0033176065502235753
0.0032513397164563194
0.0029598738981813
0.0032651893296454593
0.003440549746495692
0.003149455980245117
0.0033553789279932456
0.0032528606262320152
0.0033948157085988426
0.003488101746947233
0.0032833727854632063
0.0033709160422839097
0.0032022061327091457
0.0031868425501475005
0.0033248700543697276
0.0032754229948470295
0.00309371944232256
0.0033211395797140323
0.003567032236438009
0.003352944920643874
0.003526645183536805
0.003191142067997501
0.003462853456992157
0.0031754236995384785
0.003328384335296074
0.00327726474258109
0.0033452962781762114
0.00353009194639194
0.0029380463789163663
0.0031368606771234836
0.003153205794831969
0.0033118196792010996
0.003299292782976288
0.0033179638216333657
0.0031979471605111257
0.003143646638497573
0.0032576754736189516
0.0033367306774215785
0.003247564790735789
0.0034497653512830955
0.003132284267057001
0.0030284876662086215
0.0030666729156701173
0.003092876152433469
0.003033076793534986
0.0030079200755001507
0.003212228220492766
0.0030800594145529436
0.002988033302988209
0.0034730928738653326
0.0030986843588730276
0.0034221951384053083
0.003094284494375911
0.003355678761422823
0.0031545228604254803
0.0031178952487589096
0.0035760906542013434
0.003165068722185371
0.003148515336299036
0.003099312539146554
0.003365269741544374
0.003053364819288557
0.003315048654272524
0.003254284578411869
0.003476267967505791
0.0033079046538602337
0.003164948889983758
0.003336435394208765
0.0032516778320027507
0.0031192248003277345
0.003371740857472166
0.003137740715109337
0.0032620720576623206
0.0033341763178420286
0.003603549749256515
0.0033498783895853255
0.003473215414492422
0.0035558513887758883
0.003295960112836233
0.003234128279163122
0.0031738889044301715
0.0034448085319979567
0.003260262128665966
0.003254104286221176
0.003309243012848807
0.0034083948369174753
0.003347411916262635
0.0033877047494728836
0.0032001472562813212
0.0033856366278209593
0.003187173459303818
0.003504260398680232
0.003276735246323297
0.003027822719252954
0.0032773155800809107
0.0030943407673078745
0.003337421186179703
0.003277677047434575
0.003260371275423605
0.003233872476642643
0.0035135853051419764
0.0032425519436274555
0.003241254148934337
0.003272477298420682
0.003433377166889126
0.0030716875082260906
0.003253226883730364
0.003136592366260223
0.0034380526167802853
0.0034105315913959817
0.0031395123631030157
0.003678710267445188
0.003302836098896383
0.0030346511812552527
0.0032929707973716337
0.0033255404624005255
0.0031997682272478538
0.0031126855122844826
0.003013109830174558
0.0031663668385693163
0.0032735771119457775
0.0033559343376058817
0.003205028484665402
0.003276856436129228
0.0034770279281883818
0.0034221878041817188
0.0031093779500121037
0.003155042458682669
0.003306140576580354
0.0033352641995601693
0.003519959180636439
0.003120329796695392
0.003335909812198109
0.00323174882325141
0.003258548794909216
0.003327042503402899
0.0032856125137025777
0.0032029018142380396
0.0034700589545828475
0.003177938292138386
0.0035173712799388772
0.003245066520471232
0.0031855582321784334
0.003370190184066134
0.0032352982767632744
0.00322089182433337
0.0034282152485589205
0.0029677323646667866
0.0034265436966562294
0.0030308889953790494
0.003264528741998248
0.003268578003554692
0.0033711033024364802
0.003377961671530694
0.003231139393094503
0.0031484383851757996
0.0032382245637486424
0.003513529221931915
0.0031669974823366875
0.003318360804725638
0.003243817664481328
0.00336794339946635
0.003242838250208324
0.0031739151388360228
0.0033993925606835354
0.003618979671527611
0.003353409951681089
0.0031044225169630213
0.0030362143783026906
0.0032164423785143318
0.003294234561047809
0.0032481389690940964
0.0031826673685548226
0.0033176180031624903
0.003287842586772211
0.0032885103002220106
0.0033292635781028415
0.003345100462802922
0.0032657700578637436
0.0032034442525547767
0.0030705880381314858
0.0032364728965926593
0.0033710789789467097
0.0033137212060758547
0.003275206193398277
0.0030264060469430442
0.0031236005828053116
0.0030968346006142035
0.003118683666661169
0.0032915881431519554
0.0030793262409308884
0.003482506578947114
0.003366104813237836
0.0031362501938422263
0.0033780170362018385
0.0033178786237233384
0.003325927797514048
0.0031661482706081966
0.0032232020802100197
0.0032331146688616215
0.003041734928190099
0.003227615213481526
0.003027387639953273
0.00312684143511565
0.003300338991434044
0.003172489751893839
0.003073703087874668
0.0032835781072041506
0.0032671750251693716
0.0034260874378312023
0.0033568109456676796
0.0031874772368204844
0.003317703325201787
0.003298620841646759
0.003014127326612632
0.003371042438133275
0.0033133038231019066
0.0033536386586211697
0.00327435258117842
0.0033488578344428393
0.003283499820978112
0.0032483651475542345
0.003204442681696013
0.0032334266749797116
0.0033496251082674473
0.0033542683159307612
0.00340270560275293
0.0031978559085881738
0.003405131280360093
0.0032959439436112303
0.003226440703263088
0.003341251267924958
0.003163390183888862
0.0029220700126966373
0.003269102550379352
0.003003386876471313
0.003230025665997861
0.003199836847523515
0.0033736342753987753
0.003241901634288766
0.003215844314131496
0.003209338204589782
0.0030299146733288674
0.0032289741403575523
0.003405352306726749
0.003445044996558492
0.003287638550610297
0.0032551607671558827
0.003410884733496342
0.0031358210594165043
0.0035432464426583335
0.0035188590791433534
0.003277601654927559
0.003087922868504992
0.0030621423488139095
0.003119786509566003
0.0028460367593259516
0.003008862966568964
0.003387737607008724
0.003003637994839352
0.0035094380969248537
0.003323811156287003
0.003228683982735435
0.0033392118492479974
0.0031164053378700193
0.00337854903472592
0.00305533537204171
0.003109078905696815
0.0033527703054886115
0.003207591444342327
0.0033026200899189872
0.00318545032865425
0.003175302074978289
0.003333746386255352
0.0033383937341778095
0.00338467332526555
0.0035171197003061737
0.002989153571734547
0.0033512310972990044
0.003077583528067446
0.0032269529927395346
0.0032374167860759148
0.0032143638093337095
0.00291832104832448
0.0030258528167244714
0.0034948184220130046
0.0031354966360601882
0.0031143865617158538
0.003329047570142874
0.003277530278596466
0.003234553995607675
0.003046347808286954
0.0032010429598777214
0.0033149331843183383
0.003048630760165881
0.0033567045247696226
0.0032201960824643715
0.0032174725633892943
0.0031446108863010347
0.0032700788111789856
0.003232295327258089
0.0032261411635511146
0.003059282106004902
0.003349508945910844
0.003629023286408753
0.003303537672973943
0.0032081768450090533
0.0030708688186720234
0.0032462351220571687
0.0034257419913118346
